eps=1.0
outer_count=7, inner_count=16, update_count=7
[outer]
outer=1, rho_x=0.2, rho_s=0.05
x_ref=[-6.0, -1.0, 2.0, 0.0, 0.0, 0.0, -5.0, -1.0, 2.0, 0.0, 0.0, 0.0, -4.0, -1.0, 2.0, 0.0, 0.0, 0.0, -3.0, -1.0, 2.0, 0.0, 0.0, 0.0, 1.0, -5.0, 0.0, 1.0, 0.0, 0.0, 1.0, -4.5, 0.0, 1.0, 0.0, 0.0, 1.0, -4.0, 0.0, 1.0, 0.0, 0.0, 1.0, -3.5, 0.0, 1.0, 0.0, 0.0]
s_ref=[1.0, 1.0, 1.0, 1.0, 1.0, 1.0, 1.0, 1.0, 1.0, 1.0, 1.0, 1.0, 1.0, 1.0, 1.0, 1.0, 1.0, 1.0, 1.0, 1.0, 1.0, 1.0, 1.0, 1.0, 1.0, 1.0, 1.0, 1.0, 1.0, 1.0, 1.0, 1.0]
outer=2, rho_x=0.13999999999999999, rho_s=0.034999999999999996
x_ref=[-6.0, -1.0, 2.0, 5.520068176880559e-21, 1.889756599976027, 0.39584597827778445, -4.763780425002996, -0.9505192527152769, 2.9448782999880136, 0.19792298913889222, 1.8184295967823736, 0.052198876987187386, -3.064037575411193, -0.8450328985224325, 3.8540930983792006, 0.22402242763248595, 1.5067233026606153, -0.02544570612084776, -0.9486506133890157, -0.7362023979712955, 4.6074547497095075, 0.21129957457206205, -7.19646806996958e-18, -7.19646806996958e-18, 1.0, -5.0, 2.324239232371223e-21, 1.0, -0.3764745761912349, -0.32120358460953374, 0.9529406779760956, -4.540150448076192, -0.18823728809561746, 0.8393982076952331, -0.06679007176062571, -0.2537684539768239, 0.8504732749582086, -4.152172400975679, -0.2216323239759303, 0.7125139807068213, 0.03904433005521715, -0.15551072813273173, 0.7445376542271456, -3.8153542516388597, -0.2021101589483217, 0.6347586166404553, -2.1533374208433355e-17, -2.1533374208433355e-17]
s_ref=[0.15775217091564755, 1.0000000150234478, 0.2959969802195024, 0.2959969802195024, 0.13099393666753867, 1.7307524671112053, 0.27201475831657623, 0.3243200101203454, 0.11360599440110318, 2.547433014729222, 0.2691305535904527, 0.32843062470218554, 0.10293680156156768, 3.258295554208327, 0.27052902591209843, 0.3264150194984497, 0.2959969802195023, 0.2959969802195024, 0.20474196833751057, 0.5082186872786129, 0.32281832298567115, 0.27310052464390255, 0.2153320753571563, 0.4597813642778754, 0.32805025060645504, 0.2693921888152262, 0.22455104214015548, 0.42628293867667444, 0.3249731522395488, 0.271547980270017, 0.23061744359602224, 0.4076239367635656]
outer=3, rho_x=0.09799999999999999, rho_s=0.024499999999999997
x_ref=[-6.0, -1.0, 2.0, -2.0135304519422882e-32, 1.8897565999773092, 0.3958459780478667, -4.763780425002836, -0.9505192527440167, 2.9448782999886545, 0.19792298902393335, 1.818429596690008, 0.05219887775794904, -3.0640375754222577, -0.8450328985123065, 3.8540930983336583, 0.22402242790290786, 1.5067233023155824, -0.025445706059719006, -0.9486506134659808, -0.7362023978183173, 4.607454749491449, 0.21129957487304837, -7.19646806996958e-18, -7.19646806996958e-18, 1.0, -5.0, 7.263247601052641e-23, 1.0, -0.4746371658868566, -0.43045346072030455, 0.9406703542641429, -4.553806682590038, -0.2373185829434283, 0.7847732696398477, -0.08507916651715818, -0.3332353866733598, 0.811376166977784, -4.2030744711042844, -0.27985816620200743, 0.6181555763031679, 0.05069779001005575, -0.2003987251149663, 0.6777843076280372, -3.9190465235920713, -0.2545092711969796, 0.5179562137456847, -2.1533374208433355e-17, -2.1533374208433355e-17]
s_ref=[0.1377951405779442, 1.0000000000871287, 0.2810030667284276, 0.2810030667284276, 0.11013422711478044, 1.733332468663994, 0.2561529942527311, 0.3103384533574761, 0.09218082589570066, 2.5501558807509874, 0.2531640132888696, 0.3145944497876223, 0.08117418550954603, 3.2607897819574863, 0.2546132963185205, 0.3125076127333715, 0.2810030667284276, 0.2810030667284276, 0.18644018884505884, 0.5000947818904471, 0.31668908850230404, 0.25174787639098545, 0.2013600338915839, 0.43509357879315597, 0.32389841301602, 0.24706941697866686, 0.2145215150816489, 0.39283939728876827, 0.31957079891740664, 0.2498377323599049, 0.22322590280124846, 0.37036324312191027]
outer=4, rho_x=0.0686, rho_s=0.01715
x_ref=[-6.0, -1.0, 2.0, 2.3199302464212536e-32, 1.8897565999773092, 0.39584597804786664, -4.763780425002836, -0.9505192527440166, 2.9448782999886545, 0.19792298902393332, 1.818429596690008, 0.05219887775794903, -3.0640375754222577, -0.8450328985123063, 3.8540930983336583, 0.22402242790290786, 1.5067233023155824, -0.02544570605971901, -0.9486506134659808, -0.7362023978183173, 4.607454749491449, 0.21129957487304835, -7.19646806996958e-18, -7.19646806996958e-18, 1.0, -5.0, -4.5758459887319315e-21, 1.0, -0.49360735642759973, -0.45733049789451347, 0.93829908044655, -4.557166312236815, -0.24680367821379987, 0.7713347510527432, -0.08920518543769568, -0.3518748207609308, 0.803746593159938, -4.21548328930556, -0.2914062709326477, 0.5953973406722779, 0.05318209982137147, -0.2101350735275273, 0.6646912201712857, -3.9440515031603613, -0.264815221021962, 0.4903298039085142, -2.1533374208433355e-17, -2.1533374208433355e-17]
s_ref=[0.13746253487312418, 1.0000000000003544, 0.28077877971850057, 0.28077877971850057, 0.10978198629593683, 1.733338899090003, 0.25591018611200905, 0.3101353326809273, 0.09181649043913778, 2.550159279696234, 0.2529189488098239, 0.3143943248729152, 0.0808027395081312, 3.260791741239843, 0.25436932654159133, 0.31230602146465003, 0.28077877971850057, 0.28077877971850057, 0.18614405419134628, 0.5000007677820815, 0.31817517132052636, 0.25037058819717445, 0.20213563212605887, 0.43115104957655875, 0.32583128202735634, 0.24549075587901711, 0.21627242194259735, 0.3871429125502485, 0.32123065699027314, 0.24837935312526613, 0.22560882702635193, 0.3640519423336274]
outer=5, rho_x=0.04801999999999999, rho_s=0.012004999999999998
x_ref=[-6.0, -1.0, 2.0, -6.395063280709211e-33, 1.8897565999773092, 0.3958459780478667, -4.763780425002836, -0.9505192527440167, 2.9448782999886545, 0.19792298902393335, 1.818429596690008, 0.05219887775794905, -3.0640375754222577, -0.8450328985123065, 3.8540930983336583, 0.2240224279029079, 1.5067233023155824, -0.025445706059718992, -0.9486506134659808, -0.7362023978183173, 4.607454749491449, 0.2112995748730484, -7.19646806996958e-18, -7.19646806996958e-18, 1.0, -5.0, -3.631623800684608e-23, 1.0, -0.4962745293060961, -0.4621779643006255, 0.937965683836738, -4.557772245537579, -0.24813726465304806, 0.7689110178496873, -0.08989794399054386, -0.35511248005637475, 0.802659808511396, -4.217705796619782, -0.29308623664831995, 0.5913547778214998, 0.053571878390414496, -0.21168872478312145, 0.6628131749860379, -3.948489498306922, -0.26630029745311273, 0.48551041542993917, -2.1533374208433355e-17, -2.1533374208433355e-17]
s_ref=[0.13745864099186547, 1.000000000000001, 0.28077642385456897, 0.28077642385456897, 0.10977780788507602, 1.7333389103151813, 0.2559075759641072, 0.3101332607803596, 0.09181213802861331, 2.550159282667086, 0.2529163073505971, 0.3143922925327001, 0.08079828563938507, 3.260791742317383, 0.25436670028215685, 0.31230396978109815, 0.28077642385456897, 0.28077642385456897, 0.18614068862396718, 0.5000000043642056, 0.31841331011681107, 0.25020835931787694, 0.20232617258267588, 0.43046406262465764, 0.3261430909006506, 0.24529443341305318, 0.21663557329197727, 0.3861652767707193, 0.3214998432394213, 0.24820180895806454, 0.22607784395182828, 0.3629907014575667]
outer=6, rho_x=0.04801999999999999, rho_s=0.012004999999999998
x_ref=[-6.0, -1.0, 2.0, -4.281180013214801e-33, 1.8897565999773092, 0.39584597804786675, -4.763780425002836, -0.9505192527440167, 2.9448782999886545, 0.19792298902393338, 1.818429596690008, 0.052198877757949076, -3.0640375754222577, -0.8450328985123065, 3.8540930983336583, 0.2240224279029079, 1.5067233023155824, -0.02544570605971898, -0.9486506134659808, -0.7362023978183173, 4.607454749491449, 0.2112995748730484, -7.19646806996958e-18, -7.19646806996958e-18, 1.0, -5.0, 1.8557597620962985e-20, 1.0, -0.49654437849649985, -0.4628122859480511, 0.9379319526879375, -4.557851535743506, -0.24827218924824992, 0.7685938570259744, -0.0899822921699543, -0.3555225385545831, 0.8025480715425682, -4.217994924549842, -0.2932633353332271, 0.5908325877486829, 0.05361663867976035, -0.21186791745622133, 0.6626184837109247, -3.9490621203575285, -0.2664550159933469, 0.4848986290205722, -2.1533374208433355e-17, -2.1533374208433355e-17]
s_ref=[0.13745860900271037, 1.0000000000000002, 0.2807764064944271, 0.2807764064944271, 0.10977777310233111, 1.7333389103289027, 0.25590755627860595, 0.3101332459547376, 0.09181210154085517, 2.5501592826689032, 0.2529162873754689, 0.31439227805442627, 0.08079824816175472, 3.2607917423177972, 0.2543666804477112, 0.3123039551331707, 0.2807764064944271, 0.2807764064944271, 0.18614066178516683, 0.5000000000173945, 0.3184376335013756, 0.25019219553670846, 0.20235154388351684, 0.4303744012355999, 0.32617619882992194, 0.24527401772134208, 0.2166829692043819, 0.3860394420936368, 0.32152812061329833, 0.24818357955397474, 0.22613790585107313, 0.36285654555520847]
outer=7, rho_x=0.04801999999999999, rho_s=0.012004999999999998
x_ref=[-6.0, -1.0, 2.0, 6.288236324257252e-33, 1.8897565999773092, 0.3958459780478667, -4.763780425002836, -0.9505192527440166, 2.9448782999886545, 0.19792298902393335, 1.818429596690008, 0.05219887775794895, -3.0640375754222577, -0.8450328985123063, 3.8540930983336583, 0.22402242790290783, 1.5067233023155824, -0.025445706059718978, -0.9486506134659808, -0.7362023978183173, 4.607454749491449, 0.21129957487304835, -7.19646806996958e-18, -7.19646806996958e-18, 1.0, -5.0, 5.4474357008595965e-22, 1.0, -0.4965634315140567, -0.4628702316971425, 0.9379295710607429, -4.557858778962143, -0.24828171575702834, 0.7685648841514288, -0.0899894788769622, -0.3555590258297057, 0.8025400283226084, -4.218021215115142, -0.29327645519550943, 0.5907853712365759, 0.05362027591091746, -0.2118823679324509, 0.6626043352137184, -3.94911382548841, -0.2664663172400507, 0.4848441872703505, -2.1533374208433355e-17, -2.1533374208433355e-17]
s_ref=[0.13745860881875144, 1.0000000000000002, 0.28077640640487944, 0.28077640640487944, 0.1097777728996494, 1.7333389103289145, 0.2559075561746796, 0.31013324588047764, 0.09181210132673255, 2.550159282668904, 0.2529162872697304, 0.3143922779822266, 0.08079824794100261, 3.260791742317797, 0.25436668034285354, 0.31230395505996583, 0.28077640640487944, 0.28077640640487944, 0.18614066163534815, 0.5000000000000693, 0.3184393538798191, 0.2501910562246047, 0.2023538674269628, 0.43036622474855835, 0.32617865478438923, 0.24527250868533707, 0.21668726725327178, 0.38602809891991585, 0.32153018904317504, 0.24818225074246386, 0.2261432679786155, 0.36284465132617844]
[inner]
outer=1, inner=1, total=1, rho_x=0.2, rho_s=0.05
outer=1, inner=2, total=2, rho_x=0.2, rho_s=0.05
outer=1, inner=3, total=3, rho_x=0.2, rho_s=0.05
outer=1, inner=4, total=4, rho_x=0.2, rho_s=0.05
outer=1, inner=5, total=5, rho_x=0.2, rho_s=0.05
outer=1, inner=6, total=6, rho_x=0.2, rho_s=0.05
outer=1, inner=7, total=7, rho_x=0.2, rho_s=0.05
outer=2, inner=1, total=8, rho_x=0.13999999999999999, rho_s=0.034999999999999996
outer=2, inner=2, total=9, rho_x=0.13999999999999999, rho_s=0.034999999999999996
outer=2, inner=3, total=10, rho_x=0.13999999999999999, rho_s=0.034999999999999996
outer=3, inner=1, total=11, rho_x=0.09799999999999999, rho_s=0.024499999999999997
outer=3, inner=2, total=12, rho_x=0.09799999999999999, rho_s=0.024499999999999997
outer=4, inner=1, total=13, rho_x=0.0686, rho_s=0.01715
outer=4, inner=2, total=14, rho_x=0.0686, rho_s=0.01715
outer=5, inner=1, total=15, rho_x=0.04801999999999999, rho_s=0.012004999999999998
outer=6, inner=1, total=16, rho_x=0.04801999999999999, rho_s=0.012004999999999998
[updates]
outer=1, stability=stable, rho_x=0.2->0.13999999999999999, rho_s=0.05->0.034999999999999996, res=65.16133823057977->4.059340244852249e-6, avg_step=0.5625, min_step=0.0625, inner_used=7
outer=2, stability=stable, rho_x=0.13999999999999999->0.09799999999999999, rho_s=0.034999999999999996->0.024499999999999997, res=1.0646525912161582->5.7324723180341245e-12, avg_step=1.0, min_step=1.0, inner_used=3
outer=3, stability=stable, rho_x=0.09799999999999999->0.0686, rho_s=0.024499999999999997->0.01715, res=0.07357558069660416->4.723894831726839e-8, avg_step=1.0, min_step=1.0, inner_used=2
outer=4, stability=stable, rho_x=0.0686->0.04801999999999999, rho_s=0.01715->0.012004999999999998, res=0.04357393202887956->4.887478066585022e-11, avg_step=1.0, min_step=1.0, inner_used=2
outer=5, stability=neutral, rho_x=0.04801999999999999->0.04801999999999999, rho_s=0.012004999999999998->0.012004999999999998, res=0.030280217486745722->8.557515512690663e-7, avg_step=1.0, min_step=1.0, inner_used=1
outer=6, stability=neutral, rho_x=0.04801999999999999->0.04801999999999999, rho_s=0.012004999999999998->0.012004999999999998, res=6.754428907424431e-5->5.852519118064487e-9, avg_step=1.0, min_step=1.0, inner_used=1
outer=7, stability=neutral, rho_x=0.04801999999999999->0.04801999999999999, rho_s=0.012004999999999998->0.012004999999999998, res=5.971153360287541e-6->5.971153360287541e-6, avg_step=0.0, min_step=0.0, inner_used=0
