eps=0.001953125
outer_count=7, inner_count=13, update_count=7
[outer]
outer=1, rho_x=0.0013564461456979987, rho_s=0.00033911153642449967
x_ref=[-6.0, -1.0, 2.0, -1.895037952847626e-33, 1.99953717593451, 0.1169089508891533, -4.750057853008186, -0.9853863811388558, 2.999768587967255, 0.05845447544457665, 1.9992286611131624, -0.15427498931389752, -3.0002699763854133, -0.9754435170808047, 3.999382918523836, -0.0186830192123721, 1.9976868426832042, -0.10477346617895446, -0.7508676617880948, -0.99788170995936, 4.998226339865438, -0.07106975230184932, 1.1076019877155283e-16, 1.1076019877155283e-16, 1.0, -5.0, -4.648600375938335e-21, 1.0, -0.43448266547694625, -0.7031311227015503, 0.9456896668153818, -4.587891390337694, -0.21724133273847313, 0.6484344386492248, -0.04109893371220273, -0.4295859552109202, 0.8319316337321198, -4.317372415414447, -0.2377907995945745, 0.4336414610437647, 0.07616353607864464, -0.22866479180119811, 0.7225566759446631, -4.129134783867714, -0.19970903155525216, 0.31930906514316565, 2.507388718124386e-17, 2.507388718124386e-17]
s_ref=[1.0, 1.0, 1.0, 1.0, 1.0, 1.0, 1.0, 1.0, 1.0, 1.0, 1.0, 1.0, 1.0, 1.0, 1.0, 1.0, 1.0, 1.0, 1.0, 1.0, 1.0, 1.0, 1.0, 1.0, 1.0, 1.0, 1.0, 1.0, 1.0, 1.0, 1.0, 1.0]
outer=2, rho_x=0.000949512301988599, rho_s=0.00023737807549714974
x_ref=[-6.0, -1.0, 2.0, -1.859391385897171e-20, 1.9997685532498461, 0.11576938006570273, -4.7500289308437695, -0.9855288274917872, 2.999884276624923, 0.05788469003285136, 1.9996142640560237, -0.1550870488960571, -3.0001350095243047, -0.9759723635873686, 3.999691408652935, -0.01965883441517718, 1.9988430070324887, -0.10509336782067327, -0.7504339293187761, -0.9989384517725415, 4.9991129121691795, -0.0722055183255138, -6.427692038185713e-17, -6.427692038185713e-17, 1.0, -5.0, -4.6486003759383956e-21, 1.0, -0.4343729873608114, -0.7035636510951808, 0.9457033765798987, -4.5879454563868975, -0.2171864936804057, 0.6482181744524096, -0.041023203634094264, -0.42966346280393247, 0.831982229285434, -4.317544302011185, -0.23769809549745285, 0.4333864430504433, 0.07619367697547384, -0.22866242828315306, 0.7226573911586418, -4.129433884021357, -0.19960125700971593, 0.3190552289088668, 1.3281797608529166e-17, 1.3281797608529166e-17]
s_ref=[0.000448461839540382, 0.5019458807475086, 0.0008201026289286331, 0.0008201026289286331, 0.0003864910682412345, 1.500535049341133, 0.0007959522938472261, 0.0008461888771659457, 0.0003470525000058768, 2.500081981108651, 0.0008287336031394349, 0.00081169464844697, 0.0003197550509351481, 3.4993919447169053, 0.0008529684366671075, 0.0007902515355423895, 0.0008201026289286331, 0.0008201026289286331, 0.0005599983371193216, 0.002114098966191276, 0.0009301126532085251, 0.0007378855382492648, 0.0006239098770425033, 0.0013140605098483514, 0.000942455031992941, 0.0007311817079499439, 0.0006743700227944034, 0.0010840155219432087, 0.0009198405588303028, 0.0007437616268470224, 0.0007060792778760118, 0.0009956237679907085]
outer=3, rho_x=0.000949512301988599, rho_s=0.00023737807549714974
x_ref=[-6.0, -1.0, 2.0, -4.539529752601134e-24, 1.9997685532498461, 0.11576931785776383, -4.7500289308437695, -0.9855288352677796, 2.999884276624923, 0.057884658928881914, 1.9996142640560237, -0.15508694921468272, -3.0001350095243047, -0.9759723744551739, 3.999691408652935, -0.019658815678459448, 1.9988430070324887, -0.10509335415882787, -0.7504339293187762, -0.9989384515642571, 4.9991129121691795, -0.07220549275787339, -6.427692038185713e-17, -6.427692038185713e-17, 1.0, -5.0, 2.3241173211752912e-21, 1.0, -0.4342946018240827, -0.7038629181830589, 0.9457131747719897, -4.587982864772882, -0.21714730091204135, 0.6480685409084705, -0.040967395578389035, -0.42972782138836624, 0.8320185998686703, -4.317664571992192, -0.23763099870123588, 0.43320463021428746, 0.07621517291709892, -0.22865848659332622, 0.7227299971326897, -4.129644567709215, -0.1995234122426864, 0.31887538691762435, 1.3281797608529166e-17, 1.3281797608529166e-17]
s_ref=[0.00027901572669532303, 0.5019455545800271, 0.0006507794213373916, 0.0006507794213373916, 0.00021702911646650377, 1.5005350861300808, 0.0006266196624501474, 0.0006768760385095456, 0.00017758116191341478, 2.500082020833559, 0.0006594138120244561, 0.0006423681386814537, 0.00015027753213105736, 3.499391978501755, 0.0006836584662801603, 0.0006209166465041148, 0.0006507794213373916, 0.0006507794213373916, 0.0003905840865913615, 0.0019455743408386464, 0.0007608117823867727, 0.0005685439840700988, 0.00045454743877067585, 0.0011447741734843231, 0.0007731417106574257, 0.000561846413822043, 0.0005050403096199941, 0.0009146528006457776, 0.0007505136076857674, 0.000574435552489109, 0.0005367662431791516, 0.0008262494588237525]
outer=4, rho_x=0.000949512301988599, rho_s=0.00023737807549714974
x_ref=[-6.0, -1.0, 2.0, -4.539529752601134e-24, 1.9997685532498461, 0.11576931785776383, -4.7500289308437695, -0.9855288352677796, 2.999884276624923, 0.057884658928881914, 1.9996142640560237, -0.15508694921468272, -3.0001350095243047, -0.9759723744551739, 3.999691408652935, -0.019658815678459448, 1.9988430070324887, -0.10509335415882787, -0.7504339293187762, -0.9989384515642571, 4.9991129121691795, -0.07220549275787339, -6.427692038185713e-17, -6.427692038185713e-17, 1.0, -5.0, 2.3241173211752912e-21, 1.0, -0.4342946018240827, -0.7038629181830589, 0.9457131747719897, -4.587982864772882, -0.21714730091204135, 0.6480685409084705, -0.040967395578389035, -0.42972782138836624, 0.8320185998686703, -4.317664571992192, -0.23763099870123588, 0.43320463021428746, 0.07621517291709892, -0.22865848659332622, 0.7227299971326897, -4.129644567709215, -0.1995234122426864, 0.31887538691762435, 1.3281797608529166e-17, 1.3281797608529166e-17]
s_ref=[0.00027901572669532303, 0.5019455545800271, 0.0006507794213373916, 0.0006507794213373916, 0.00021702911646650377, 1.5005350861300808, 0.0006266196624501474, 0.0006768760385095456, 0.00017758116191341478, 2.500082020833559, 0.0006594138120244561, 0.0006423681386814537, 0.00015027753213105736, 3.499391978501755, 0.0006836584662801603, 0.0006209166465041148, 0.0006507794213373916, 0.0006507794213373916, 0.0003905840865913615, 0.0019455743408386464, 0.0007608117823867727, 0.0005685439840700988, 0.00045454743877067585, 0.0011447741734843231, 0.0007731417106574257, 0.000561846413822043, 0.0005050403096199941, 0.0009146528006457776, 0.0007505136076857674, 0.000574435552489109, 0.0005367662431791516, 0.0008262494588237525]
outer=5, rho_x=0.000949512301988599, rho_s=0.00023737807549714974
x_ref=[-6.0, -1.0, 2.0, -4.539529752601134e-24, 1.9997685532498461, 0.11576931785776383, -4.7500289308437695, -0.9855288352677796, 2.999884276624923, 0.057884658928881914, 1.9996142640560237, -0.15508694921468272, -3.0001350095243047, -0.9759723744551739, 3.999691408652935, -0.019658815678459448, 1.9988430070324887, -0.10509335415882787, -0.7504339293187762, -0.9989384515642571, 4.9991129121691795, -0.07220549275787339, -6.427692038185713e-17, -6.427692038185713e-17, 1.0, -5.0, 2.3241173211752912e-21, 1.0, -0.4342946018240827, -0.7038629181830589, 0.9457131747719897, -4.587982864772882, -0.21714730091204135, 0.6480685409084705, -0.040967395578389035, -0.42972782138836624, 0.8320185998686703, -4.317664571992192, -0.23763099870123588, 0.43320463021428746, 0.07621517291709892, -0.22865848659332622, 0.7227299971326897, -4.129644567709215, -0.1995234122426864, 0.31887538691762435, 1.3281797608529166e-17, 1.3281797608529166e-17]
s_ref=[0.00027901572669532303, 0.5019455545800271, 0.0006507794213373916, 0.0006507794213373916, 0.00021702911646650377, 1.5005350861300808, 0.0006266196624501474, 0.0006768760385095456, 0.00017758116191341478, 2.500082020833559, 0.0006594138120244561, 0.0006423681386814537, 0.00015027753213105736, 3.499391978501755, 0.0006836584662801603, 0.0006209166465041148, 0.0006507794213373916, 0.0006507794213373916, 0.0003905840865913615, 0.0019455743408386464, 0.0007608117823867727, 0.0005685439840700988, 0.00045454743877067585, 0.0011447741734843231, 0.0007731417106574257, 0.000561846413822043, 0.0005050403096199941, 0.0009146528006457776, 0.0007505136076857674, 0.000574435552489109, 0.0005367662431791516, 0.0008262494588237525]
outer=6, rho_x=0.000949512301988599, rho_s=0.00023737807549714974
x_ref=[-6.0, -1.0, 2.0, -4.539529752601134e-24, 1.9997685532498461, 0.11576931785776383, -4.7500289308437695, -0.9855288352677796, 2.999884276624923, 0.057884658928881914, 1.9996142640560237, -0.15508694921468272, -3.0001350095243047, -0.9759723744551739, 3.999691408652935, -0.019658815678459448, 1.9988430070324887, -0.10509335415882787, -0.7504339293187762, -0.9989384515642571, 4.9991129121691795, -0.07220549275787339, -6.427692038185713e-17, -6.427692038185713e-17, 1.0, -5.0, 2.3241173211752912e-21, 1.0, -0.4342946018240827, -0.7038629181830589, 0.9457131747719897, -4.587982864772882, -0.21714730091204135, 0.6480685409084705, -0.040967395578389035, -0.42972782138836624, 0.8320185998686703, -4.317664571992192, -0.23763099870123588, 0.43320463021428746, 0.07621517291709892, -0.22865848659332622, 0.7227299971326897, -4.129644567709215, -0.1995234122426864, 0.31887538691762435, 1.3281797608529166e-17, 1.3281797608529166e-17]
s_ref=[0.00027901572669532303, 0.5019455545800271, 0.0006507794213373916, 0.0006507794213373916, 0.00021702911646650377, 1.5005350861300808, 0.0006266196624501474, 0.0006768760385095456, 0.00017758116191341478, 2.500082020833559, 0.0006594138120244561, 0.0006423681386814537, 0.00015027753213105736, 3.499391978501755, 0.0006836584662801603, 0.0006209166465041148, 0.0006507794213373916, 0.0006507794213373916, 0.0003905840865913615, 0.0019455743408386464, 0.0007608117823867727, 0.0005685439840700988, 0.00045454743877067585, 0.0011447741734843231, 0.0007731417106574257, 0.000561846413822043, 0.0005050403096199941, 0.0009146528006457776, 0.0007505136076857674, 0.000574435552489109, 0.0005367662431791516, 0.0008262494588237525]
outer=7, rho_x=0.000949512301988599, rho_s=0.00023737807549714974
x_ref=[-6.0, -1.0, 2.0, -4.539529752601134e-24, 1.9997685532498461, 0.11576931785776383, -4.7500289308437695, -0.9855288352677796, 2.999884276624923, 0.057884658928881914, 1.9996142640560237, -0.15508694921468272, -3.0001350095243047, -0.9759723744551739, 3.999691408652935, -0.019658815678459448, 1.9988430070324887, -0.10509335415882787, -0.7504339293187762, -0.9989384515642571, 4.9991129121691795, -0.07220549275787339, -6.427692038185713e-17, -6.427692038185713e-17, 1.0, -5.0, 2.3241173211752912e-21, 1.0, -0.4342946018240827, -0.7038629181830589, 0.9457131747719897, -4.587982864772882, -0.21714730091204135, 0.6480685409084705, -0.040967395578389035, -0.42972782138836624, 0.8320185998686703, -4.317664571992192, -0.23763099870123588, 0.43320463021428746, 0.07621517291709892, -0.22865848659332622, 0.7227299971326897, -4.129644567709215, -0.1995234122426864, 0.31887538691762435, 1.3281797608529166e-17, 1.3281797608529166e-17]
s_ref=[0.00027901572669532303, 0.5019455545800271, 0.0006507794213373916, 0.0006507794213373916, 0.00021702911646650377, 1.5005350861300808, 0.0006266196624501474, 0.0006768760385095456, 0.00017758116191341478, 2.500082020833559, 0.0006594138120244561, 0.0006423681386814537, 0.00015027753213105736, 3.499391978501755, 0.0006836584662801603, 0.0006209166465041148, 0.0006507794213373916, 0.0006507794213373916, 0.0003905840865913615, 0.0019455743408386464, 0.0007608117823867727, 0.0005685439840700988, 0.00045454743877067585, 0.0011447741734843231, 0.0007731417106574257, 0.000561846413822043, 0.0005050403096199941, 0.0009146528006457776, 0.0007505136076857674, 0.000574435552489109, 0.0005367662431791516, 0.0008262494588237525]
[inner]
outer=1, inner=1, total=1, rho_x=0.0013564461456979987, rho_s=0.00033911153642449967
outer=1, inner=2, total=2, rho_x=0.0013564461456979987, rho_s=0.00033911153642449967
outer=1, inner=3, total=3, rho_x=0.0013564461456979987, rho_s=0.00033911153642449967
outer=1, inner=4, total=4, rho_x=0.0013564461456979987, rho_s=0.00033911153642449967
outer=1, inner=5, total=5, rho_x=0.0013564461456979987, rho_s=0.00033911153642449967
outer=1, inner=6, total=6, rho_x=0.0013564461456979987, rho_s=0.00033911153642449967
outer=1, inner=7, total=7, rho_x=0.0013564461456979987, rho_s=0.00033911153642449967
outer=1, inner=8, total=8, rho_x=0.0013564461456979987, rho_s=0.00033911153642449967
outer=1, inner=9, total=9, rho_x=0.0013564461456979987, rho_s=0.00033911153642449967
outer=1, inner=10, total=10, rho_x=0.0013564461456979987, rho_s=0.00033911153642449967
outer=1, inner=11, total=11, rho_x=0.0013564461456979987, rho_s=0.00033911153642449967
outer=1, inner=12, total=12, rho_x=0.0013564461456979987, rho_s=0.00033911153642449967
outer=2, inner=1, total=13, rho_x=0.000949512301988599, rho_s=0.00023737807549714974
[updates]
outer=1, stability=stable, rho_x=0.0013564461456979987->0.000949512301988599, rho_s=0.00033911153642449967->0.00023737807549714974, res=70.46042432361935->3.114464499892094e-6, avg_step=0.484375, min_step=0.0625, inner_used=12
outer=2, stability=neutral, rho_x=0.000949512301988599->0.000949512301988599, rho_s=0.00023737807549714974->0.00023737807549714974, res=0.002143180185698603->9.578650349190258e-8, avg_step=1.0, min_step=1.0, inner_used=1
outer=3, stability=neutral, rho_x=0.000949512301988599->0.000949512301988599, rho_s=0.00023737807549714974->0.00023737807549714974, res=5.459633672057888e-7->5.459633672057888e-7, avg_step=0.0, min_step=0.0, inner_used=0
outer=4, stability=neutral, rho_x=0.000949512301988599->0.000949512301988599, rho_s=0.00023737807549714974->0.00023737807549714974, res=5.459633672057888e-7->5.459633672057888e-7, avg_step=0.0, min_step=0.0, inner_used=0
outer=5, stability=neutral, rho_x=0.000949512301988599->0.000949512301988599, rho_s=0.00023737807549714974->0.00023737807549714974, res=5.459633672057888e-7->5.459633672057888e-7, avg_step=0.0, min_step=0.0, inner_used=0
outer=6, stability=neutral, rho_x=0.000949512301988599->0.000949512301988599, rho_s=0.00023737807549714974->0.00023737807549714974, res=5.459633672057888e-7->5.459633672057888e-7, avg_step=0.0, min_step=0.0, inner_used=0
outer=7, stability=neutral, rho_x=0.000949512301988599->0.000949512301988599, rho_s=0.00023737807549714974->0.00023737807549714974, res=5.459633672057888e-7->5.459633672057888e-7, avg_step=0.0, min_step=0.0, inner_used=0
