eps=0.0625
outer_count=7, inner_count=12, update_count=7
[outer]
outer=1, rho_x=0.008070721399999996, rho_s=0.002017680349999999
x_ref=[-6.0, -1.0, 2.0, -7.349428219682842e-33, 1.9853256751070663, 0.17879748683796548, -4.751834290611617, -0.9776503141452543, 2.9926628375535334, 0.08939874341898274, 1.975577997998194, -0.10987403048381239, -3.008555622085076, -0.9466851962462395, 3.9804518365526302, 0.03446172817707655, 1.9276064302531686, -0.08740325318206918, -0.7773789000271148, -0.9403797388054598, 4.944255051679215, -0.009239898413958041, -2.4085182328218308e-17, -2.4085182328218308e-17, 1.0, -5.0, -4.649045905961216e-21, 1.0, -0.4448604184196299, -0.6631176009929269, 0.9443924476975463, -4.582889700124116, -0.22243020920981496, 0.6684411995035365, -0.048461622420916686, -0.42107605694154254, 0.8271196402900242, -4.301303607490041, -0.2466610204202733, 0.4579031710327653, 0.07315179023082156, -0.22831815268374006, 0.7129331038587403, -4.1008917910591265, -0.21008512530486254, 0.3437440946908953, -3.7798331342400933e-17, -3.7798331342400933e-17]
s_ref=[1.0, 1.0, 1.0, 1.0, 1.0, 1.0, 1.0, 1.0, 1.0, 1.0, 1.0, 1.0, 1.0, 1.0, 1.0, 1.0, 1.0, 1.0, 1.0, 1.0, 1.0, 1.0, 1.0, 1.0, 1.0, 1.0, 1.0, 1.0, 1.0, 1.0, 1.0, 1.0]
outer=2, rho_x=0.005649504979999997, rho_s=0.0014123762449999991
x_ref=[-6.0, -1.0, 2.0, 7.263247600466756e-23, 1.9926279381246297, 0.14884762171878113, -4.750921507734422, -0.9813940472851524, 2.996313969062315, 0.07442381085939057, 1.9877220548572054, -0.13143922773033298, -3.004299266346113, -0.9606120453217487, 3.990174996490918, 0.00870419699422408, 1.9633852635510052, -0.09581079949340424, -0.7637886101567786, -0.9682362967613123, 4.971867628266421, -0.039201202752478036, -7.781589287672516e-18, -7.781589287672516e-18, 1.0, -5.0, -5.6744121632693e-25, 1.0, -0.4405068598710006, -0.67979238057559, 0.9449366425161249, -4.584974047571949, -0.2202534299355003, 0.6601038097122051, -0.045382399414714544, -0.4246836921783688, 0.8291371276215355, -4.308007604238143, -0.24294462964285757, 0.4477619636230206, 0.07444252158814192, -0.22864502226271763, 0.7169701279986245, -4.112707250209472, -0.20572336884878661, 0.3334394524916618, 3.723513070978019e-17, 3.723513070978019e-17]
s_ref=[0.009902232303560105, 0.556227321985843, 0.021525718822648175, 0.021525718822648175, 0.007938719126492447, 1.5169080067575638, 0.02058050125897706, 0.022565456027137838, 0.006687155514619236, 2.502654180620144, 0.02141054531284444, 0.02164218242980598, 0.005827208471041163, 3.4808388986650645, 0.022060731630398178, 0.021016888642534492, 0.021525718822648178, 0.021525718822648178, 0.013428509132702781, 0.05705034426579751, 0.02493587252026615, 0.018957631951125088, 0.01535811163211413, 0.03662422766729908, 0.025351505701152712, 0.018728761766918383, 0.016897854494693405, 0.02985785941305283, 0.024676969574619498, 0.019107284658287333, 0.017870748681683687, 0.027160094270765288]
outer=3, rho_x=0.005649504979999997, rho_s=0.0014123762449999991
x_ref=[-6.0, -1.0, 2.0, -6.933347799794049e-33, 1.9926279381246297, 0.1488476217186048, -4.750921507734422, -0.9813940472851744, 2.9963139690623146, 0.0744238108593024, 1.9877220548572054, -0.13143922772987537, -3.0042992663461137, -0.9606120453217576, 3.9901749964909174, 0.008704196994364722, 1.9633852635510052, -0.09581079949364751, -0.7637886101567792, -0.9682362967612812, 4.971867628266421, -0.03920120275245903, -7.781589287672516e-18, -7.781589287672516e-18, 1.0, -5.0, -1.1156405059503533e-19, 1.0, -0.4397116939686458, -0.6828856705882522, 0.9450360382539194, -4.585360708823532, -0.2198558469843229, 0.6585571647058738, -0.04477659143600331, -0.4254880148509572, 0.8295110408322575, -4.309268128326965, -0.24224414270232456, 0.4458131572803952, 0.07468328322136755, -0.2286358035442048, 0.717724379883766, -4.114941025129792, -0.20490250109164077, 0.33149525550829284, 3.723513070978019e-17, 3.723513070978019e-17]
s_ref=[0.008906610535265687, 0.5561861932084828, 0.02055242023936489, 0.02055242023936489, 0.006940131163497713, 1.516914989243142, 0.019605093873206744, 0.02159453456181528, 0.005686802650631505, 2.502661697599962, 0.020436987102214074, 0.020669147133158372, 0.0048257001421627655, 3.4808453279243023, 0.02108864875745619, 0.02004244863041685, 0.02055242023936489, 0.02055242023936489, 0.012438810846396649, 0.05618664913910326, 0.023963429037924207, 0.01798278410601086, 0.01438211182098211, 0.03563054552998281, 0.02437419156978748, 0.017756347568153738, 0.015930355459599328, 0.02885461424451417, 0.023696582383252427, 0.01813721780977781, 0.016907130702684882, 0.02615868583510445]
outer=4, rho_x=0.005649504979999997, rho_s=0.0014123762449999991
x_ref=[-6.0, -1.0, 2.0, 9.977718340161235e-33, 1.9926279381246297, 0.14884762171860494, -4.750921507734422, -0.9813940472851744, 2.9963139690623146, 0.07442381085930247, 1.9877220548572054, -0.13143922772987532, -3.0042992663461137, -0.9606120453217576, 3.9901749964909174, 0.008704196994364824, 1.9633852635510052, -0.09581079949364749, -0.7637886101567792, -0.9682362967612812, 4.97186762826642, -0.03920120275245892, -7.781589287672516e-18, -7.781589287672516e-18, 1.0, -5.0, -6.97328513833002e-21, 1.0, -0.43962965854975533, -0.6832233207229849, 0.9450462926812806, -4.585402915090373, -0.21981482927487767, 0.6583883396385075, -0.04470703133271726, -0.4255925202706854, 0.8295504991272521, -4.309407810304954, -0.24216834494123632, 0.4455920795031649, 0.07470861782302006, -0.2286213846025162, 0.7178049038845115, -4.115189443628687, -0.20481403602972628, 0.33128138720190675, 3.723513070978019e-17, 3.723513070978019e-17]
s_ref=[0.008905910426942096, 0.5561862178463031, 0.020551750837533977, 0.020551750837533977, 0.006939427893979706, 1.5169149916456974, 0.019604421132636933, 0.021593869016302645, 0.005686097628941609, 2.502661702134476, 0.02043631728508815, 0.0206684781536752, 0.004824994028899837, 3.480845332534944, 0.021087981315789633, 0.02004177741162073, 0.020551750837533977, 0.020551750837533977, 0.012438117782280857, 0.056186218124221976, 0.02396202015194825, 0.01798253406752861, 0.0143825560209555, 0.03562329919736729, 0.02437210279315804, 0.01775644054964071, 0.015931492473975056, 0.028848213000983416, 0.023694342689509946, 0.018137480536309186, 0.016908435213872183, 0.02615343094538202]
outer=5, rho_x=0.005649504979999997, rho_s=0.0014123762449999991
x_ref=[-6.0, -1.0, 2.0, 9.977718340161235e-33, 1.9926279381246297, 0.14884762171860494, -4.750921507734422, -0.9813940472851744, 2.9963139690623146, 0.07442381085930247, 1.9877220548572054, -0.13143922772987532, -3.0042992663461137, -0.9606120453217576, 3.9901749964909174, 0.008704196994364824, 1.9633852635510052, -0.09581079949364749, -0.7637886101567792, -0.9682362967612812, 4.97186762826642, -0.03920120275245892, -7.781589287672516e-18, -7.781589287672516e-18, 1.0, -5.0, -6.97328513833002e-21, 1.0, -0.43962965854975533, -0.6832233207229849, 0.9450462926812806, -4.585402915090373, -0.21981482927487767, 0.6583883396385075, -0.04470703133271726, -0.4255925202706854, 0.8295504991272521, -4.309407810304954, -0.24216834494123632, 0.4455920795031649, 0.07470861782302006, -0.2286213846025162, 0.7178049038845115, -4.115189443628687, -0.20481403602972628, 0.33128138720190675, 3.723513070978019e-17, 3.723513070978019e-17]
s_ref=[0.008905910426942096, 0.5561862178463031, 0.020551750837533977, 0.020551750837533977, 0.006939427893979706, 1.5169149916456974, 0.019604421132636933, 0.021593869016302645, 0.005686097628941609, 2.502661702134476, 0.02043631728508815, 0.0206684781536752, 0.004824994028899837, 3.480845332534944, 0.021087981315789633, 0.02004177741162073, 0.020551750837533977, 0.020551750837533977, 0.012438117782280857, 0.056186218124221976, 0.02396202015194825, 0.01798253406752861, 0.0143825560209555, 0.03562329919736729, 0.02437210279315804, 0.01775644054964071, 0.015931492473975056, 0.028848213000983416, 0.023694342689509946, 0.018137480536309186, 0.016908435213872183, 0.02615343094538202]
outer=6, rho_x=0.005649504979999997, rho_s=0.0014123762449999991
x_ref=[-6.0, -1.0, 2.0, 9.977718340161235e-33, 1.9926279381246297, 0.14884762171860494, -4.750921507734422, -0.9813940472851744, 2.9963139690623146, 0.07442381085930247, 1.9877220548572054, -0.13143922772987532, -3.0042992663461137, -0.9606120453217576, 3.9901749964909174, 0.008704196994364824, 1.9633852635510052, -0.09581079949364749, -0.7637886101567792, -0.9682362967612812, 4.97186762826642, -0.03920120275245892, -7.781589287672516e-18, -7.781589287672516e-18, 1.0, -5.0, -6.97328513833002e-21, 1.0, -0.43962965854975533, -0.6832233207229849, 0.9450462926812806, -4.585402915090373, -0.21981482927487767, 0.6583883396385075, -0.04470703133271726, -0.4255925202706854, 0.8295504991272521, -4.309407810304954, -0.24216834494123632, 0.4455920795031649, 0.07470861782302006, -0.2286213846025162, 0.7178049038845115, -4.115189443628687, -0.20481403602972628, 0.33128138720190675, 3.723513070978019e-17, 3.723513070978019e-17]
s_ref=[0.008905910426942096, 0.5561862178463031, 0.020551750837533977, 0.020551750837533977, 0.006939427893979706, 1.5169149916456974, 0.019604421132636933, 0.021593869016302645, 0.005686097628941609, 2.502661702134476, 0.02043631728508815, 0.0206684781536752, 0.004824994028899837, 3.480845332534944, 0.021087981315789633, 0.02004177741162073, 0.020551750837533977, 0.020551750837533977, 0.012438117782280857, 0.056186218124221976, 0.02396202015194825, 0.01798253406752861, 0.0143825560209555, 0.03562329919736729, 0.02437210279315804, 0.01775644054964071, 0.015931492473975056, 0.028848213000983416, 0.023694342689509946, 0.018137480536309186, 0.016908435213872183, 0.02615343094538202]
outer=7, rho_x=0.005649504979999997, rho_s=0.0014123762449999991
x_ref=[-6.0, -1.0, 2.0, 9.977718340161235e-33, 1.9926279381246297, 0.14884762171860494, -4.750921507734422, -0.9813940472851744, 2.9963139690623146, 0.07442381085930247, 1.9877220548572054, -0.13143922772987532, -3.0042992663461137, -0.9606120453217576, 3.9901749964909174, 0.008704196994364824, 1.9633852635510052, -0.09581079949364749, -0.7637886101567792, -0.9682362967612812, 4.97186762826642, -0.03920120275245892, -7.781589287672516e-18, -7.781589287672516e-18, 1.0, -5.0, -6.97328513833002e-21, 1.0, -0.43962965854975533, -0.6832233207229849, 0.9450462926812806, -4.585402915090373, -0.21981482927487767, 0.6583883396385075, -0.04470703133271726, -0.4255925202706854, 0.8295504991272521, -4.309407810304954, -0.24216834494123632, 0.4455920795031649, 0.07470861782302006, -0.2286213846025162, 0.7178049038845115, -4.115189443628687, -0.20481403602972628, 0.33128138720190675, 3.723513070978019e-17, 3.723513070978019e-17]
s_ref=[0.008905910426942096, 0.5561862178463031, 0.020551750837533977, 0.020551750837533977, 0.006939427893979706, 1.5169149916456974, 0.019604421132636933, 0.021593869016302645, 0.005686097628941609, 2.502661702134476, 0.02043631728508815, 0.0206684781536752, 0.004824994028899837, 3.480845332534944, 0.021087981315789633, 0.02004177741162073, 0.020551750837533977, 0.020551750837533977, 0.012438117782280857, 0.056186218124221976, 0.02396202015194825, 0.01798253406752861, 0.0143825560209555, 0.03562329919736729, 0.02437210279315804, 0.01775644054964071, 0.015931492473975056, 0.028848213000983416, 0.023694342689509946, 0.018137480536309186, 0.016908435213872183, 0.02615343094538202]
[inner]
outer=1, inner=1, total=1, rho_x=0.008070721399999996, rho_s=0.002017680349999999
outer=1, inner=2, total=2, rho_x=0.008070721399999996, rho_s=0.002017680349999999
outer=1, inner=3, total=3, rho_x=0.008070721399999996, rho_s=0.002017680349999999
outer=1, inner=4, total=4, rho_x=0.008070721399999996, rho_s=0.002017680349999999
outer=1, inner=5, total=5, rho_x=0.008070721399999996, rho_s=0.002017680349999999
outer=1, inner=6, total=6, rho_x=0.008070721399999996, rho_s=0.002017680349999999
outer=1, inner=7, total=7, rho_x=0.008070721399999996, rho_s=0.002017680349999999
outer=1, inner=8, total=8, rho_x=0.008070721399999996, rho_s=0.002017680349999999
outer=1, inner=9, total=9, rho_x=0.008070721399999996, rho_s=0.002017680349999999
outer=1, inner=10, total=10, rho_x=0.008070721399999996, rho_s=0.002017680349999999
outer=2, inner=1, total=11, rho_x=0.005649504979999997, rho_s=0.0014123762449999991
outer=3, inner=1, total=12, rho_x=0.005649504979999997, rho_s=0.0014123762449999991
[updates]
outer=1, stability=stable, rho_x=0.008070721399999996->0.005649504979999997, rho_s=0.002017680349999999->0.0014123762449999991, res=69.87337179115741->2.4726185140472796e-9, avg_step=0.53125, min_step=0.0625, inner_used=10
outer=2, stability=neutral, rho_x=0.005649504979999997->0.005649504979999997, rho_s=0.0014123762449999991->0.0014123762449999991, res=0.012569551808251771->3.453449480278035e-6, avg_step=1.0, min_step=1.0, inner_used=1
outer=3, stability=neutral, rho_x=0.005649504979999997->0.005649504979999997, rho_s=0.0014123762449999991->0.0014123762449999991, res=3.198569708499946e-5->1.602780237535436e-8, avg_step=1.0, min_step=1.0, inner_used=1
outer=4, stability=neutral, rho_x=0.005649504979999997->0.005649504979999997, rho_s=0.0014123762449999991->0.0014123762449999991, res=3.421964919408917e-6->3.421964919408917e-6, avg_step=0.0, min_step=0.0, inner_used=0
outer=5, stability=neutral, rho_x=0.005649504979999997->0.005649504979999997, rho_s=0.0014123762449999991->0.0014123762449999991, res=3.421964919408917e-6->3.421964919408917e-6, avg_step=0.0, min_step=0.0, inner_used=0
outer=6, stability=neutral, rho_x=0.005649504979999997->0.005649504979999997, rho_s=0.0014123762449999991->0.0014123762449999991, res=3.421964919408917e-6->3.421964919408917e-6, avg_step=0.0, min_step=0.0, inner_used=0
outer=7, stability=neutral, rho_x=0.005649504979999997->0.005649504979999997, rho_s=0.0014123762449999991->0.0014123762449999991, res=3.421964919408917e-6->3.421964919408917e-6, avg_step=0.0, min_step=0.0, inner_used=0
