eps=0.5
outer_count=7, inner_count=12, update_count=7
[outer]
outer=1, rho_x=0.04801999999999999, rho_s=0.012004999999999998
x_ref=[-6.0, -1.0, 2.0, 6.288236324257252e-33, 1.8897565999773092, 0.3958459780478667, -4.763780425002836, -0.9505192527440166, 2.9448782999886545, 0.19792298902393335, 1.818429596690008, 0.05219887775794895, -3.0640375754222577, -0.8450328985123063, 3.8540930983336583, 0.22402242790290783, 1.5067233023155824, -0.025445706059718978, -0.9486506134659808, -0.7362023978183173, 4.607454749491449, 0.21129957487304835, -7.19646806996958e-18, -7.19646806996958e-18, 1.0, -5.0, 5.4474357008595965e-22, 1.0, -0.4965634315140567, -0.4628702316971425, 0.9379295710607429, -4.557858778962143, -0.24828171575702834, 0.7685648841514288, -0.0899894788769622, -0.3555590258297057, 0.8025400283226084, -4.218021215115142, -0.29327645519550943, 0.5907853712365759, 0.05362027591091746, -0.2118823679324509, 0.6626043352137184, -3.94911382548841, -0.2664663172400507, 0.4848441872703505, -2.1533374208433355e-17, -2.1533374208433355e-17]
s_ref=[1.0, 1.0, 1.0, 1.0, 1.0, 1.0, 1.0, 1.0, 1.0, 1.0, 1.0, 1.0, 1.0, 1.0, 1.0, 1.0, 1.0, 1.0, 1.0, 1.0, 1.0, 1.0, 1.0, 1.0, 1.0, 1.0, 1.0, 1.0, 1.0, 1.0, 1.0, 1.0]
outer=2, rho_x=0.03361399999999999, rho_s=0.008403499999999998
x_ref=[-6.0, -1.0, 2.0, -9.752895357838741e-26, 1.942907300445045, 0.30336448187328136, -4.757136587444369, -0.9620794397658398, 2.9714536502225224, 0.15168224093664068, 1.9053998291239052, -0.018274130337857384, -3.0332347836926195, -0.8885225855897516, 3.924153564784475, 0.14254517576771197, 1.7297308027227256, -0.052181809919122704, -0.8549416509600413, -0.823772723945786, 4.789018966145838, 0.11645427080815063, -6.400106471362846e-18, -6.400106471362846e-18, 1.0, -5.0, 2.8372060933726662e-24, 1.0, -0.4745514699208736, -0.5470571896114196, 0.9406810662598909, -4.568382148701427, -0.2372757349604368, 0.7264714051942902, -0.07188561720525631, -0.38625412018158967, 0.8130574966290155, -4.253428211126981, -0.27321854356306496, 0.5333443451034954, 0.06251774012487911, -0.221517610520388, 0.6842629423630928, -4.014445739890281, -0.24195967350062542, 0.4225855398433014, -2.373887136190595e-17, -2.373887136190595e-17]
s_ref=[0.07547035966752175, 0.8093335539953499, 0.15602943367981228, 0.15602943367981228, 0.0607977843386784, 1.6249501690001866, 0.14433316446428593, 0.16967517360269413, 0.051352141964267566, 2.5228885827354137, 0.14498961739790864, 0.16879005146803402, 0.04519935994033395, 3.363044165212423, 0.14689630612083923, 0.16630960432966244, 0.15602943367981228, 0.15602943367981228, 0.10149199477852094, 0.3120082975042907, 0.17840650384497653, 0.1384529704575021, 0.11222597727007429, 0.24899985354453508, 0.18232543419835445, 0.13612077852888788, 0.12130266686568325, 0.21607987041395857, 0.17890836993001225, 0.13814463272543612, 0.12720277872309005, 0.20043982053484424]
outer=3, rho_x=0.023529799999999993, rho_s=0.005882449999999998
x_ref=[-6.0, -1.0, 2.0, 1.4365379298732643e-32, 1.942907300445045, 0.30336448187328136, -4.75713658744437, -0.9620794397658399, 2.9714536502225224, 0.15168224093664068, 1.9053998291239052, -0.018274130337856888, -3.0332347836926203, -0.8885225855897517, 3.924153564784475, 0.14254517576771225, 1.7297308027227256, -0.05218180991912288, -0.854941650960042, -0.8237727239457859, 4.7890189661458376, 0.11645427080815081, -6.400106471362846e-18, -6.400106471362846e-18, 1.0, -5.0, 1.481021581165662e-22, 1.0, -0.4713270273664361, -0.5612546425060964, 0.9410841215791954, -4.570156830313262, -0.23566351368321806, 0.7193726787469519, -0.06884388598731762, -0.3917370750419373, 0.8146468789891718, -4.259437625320028, -0.2700854566768769, 0.5235041412259833, 0.06402077057701999, -0.22286161187371997, 0.6876067469728608, -4.025543256191251, -0.2380750713883669, 0.41207333528912327, -2.373887136190595e-17, -2.373887136190595e-17]
s_ref=[0.07004980995623893, 0.8090173615806735, 0.15140561553645343, 0.15140561553645343, 0.05525111772767333, 1.6252737615044073, 0.13958587653030713, 0.16519722604252365, 0.045728454247503644, 2.523232754477517, 0.14024921285682757, 0.16430259503334632, 0.039527374866717875, 3.3633495991179054, 0.14217592793811717, 0.16179553142718972, 0.15140561553645343, 0.15140561553645343, 0.09631218771831306, 0.30902606164541796, 0.1738492669307859, 0.13375143385378552, 0.1074621097112645, 0.2440097877269509, 0.17763353992018474, 0.13148943307077376, 0.11682337449855544, 0.21061778381341406, 0.17411056384636378, 0.1335900407270021, 0.12287164294102389, 0.1949046815775814]
outer=4, rho_x=0.023529799999999993, rho_s=0.005882449999999998
x_ref=[-6.0, -1.0, 2.0, -1.9456752981177925e-32, 1.942907300445045, 0.30336448187328124, -4.75713658744437, -0.9620794397658399, 2.9714536502225224, 0.15168224093664062, 1.9053998291239052, -0.018274130337857145, -3.0332347836926203, -0.8885225855897517, 3.924153564784475, 0.14254517576771206, 1.7297308027227256, -0.052181809919122524, -0.854941650960042, -0.8237727239457859, 4.7890189661458376, 0.11645427080815078, -6.400106471362846e-18, -6.400106471362846e-18, 1.0, -5.0, 2.8038972946571313e-20, 1.0, -0.4710441322524437, -0.5627888638423758, 0.9411194834684445, -4.570348607980297, -0.23552206612622184, 0.7186055680788122, -0.0685211999844074, -0.39236484696854385, 0.8147933004072827, -4.260091429811959, -0.26978266611842555, 0.5224231445945402, 0.06418144182158075, -0.22296834081094968, 0.6879246475757675, -4.026750900116058, -0.23769194520763517, 0.4109389741890654, -2.373887136190595e-17, -2.373887136190595e-17]
s_ref=[0.07002753656819877, 0.809016994672904, 0.15138786666961568, 0.15138786666961568, 0.055228159644948815, 1.6252738790297034, 0.13956742178623666, 0.16518030705244657, 0.04570508887506209, 2.523232809110005, 0.14023079752069886, 0.16428562212105982, 0.039503759471742526, 3.363349626864848, 0.14215762722438657, 0.16177840743849894, 0.15138786666961568, 0.15138786666961568, 0.09629126112628654, 0.3090170136038392, 0.17381701518122092, 0.13374246577754945, 0.10747679340127916, 0.24384570831034905, 0.17758224165662911, 0.1314908083381561, 0.116861362204944, 0.21043587057193547, 0.17405131528765172, 0.13359767769032718, 0.12291893389760608, 0.19473532392208784]
outer=5, rho_x=0.023529799999999993, rho_s=0.005882449999999998
x_ref=[-6.0, -1.0, 2.0, 1.8593145833721464e-32, 1.942907300445045, 0.30336448187328136, -4.75713658744437, -0.9620794397658399, 2.9714536502225224, 0.15168224093664068, 1.9053998291239052, -0.018274130337856912, -3.0332347836926203, -0.8885225855897516, 3.924153564784475, 0.14254517576771222, 1.7297308027227256, -0.05218180991912286, -0.854941650960042, -0.8237727239457859, 4.7890189661458376, 0.1164542708081508, -6.400106471362846e-18, -6.400106471362846e-18, 1.0, -5.0, 1.3102217743021777e-21, 1.0, -0.4710272277418951, -0.5629042384851355, 0.9411215965322631, -4.570363029810642, -0.23551361387094755, 0.7185478807574324, -0.06849717541314035, -0.3924151899607983, 0.8148026426701468, -4.260140988177025, -0.26976220157751774, 0.5223402857770332, 0.06419345790727247, -0.2229734574930409, 0.687945724119797, -4.0268425274751385, -0.23766547262388152, 0.41085355703051263, -2.373887136190595e-17, -2.373887136190595e-17]
s_ref=[0.07002747250492912, 0.8090169943751896, 0.15138781899444537, 0.15138781899444537, 0.055228093128658486, 1.6252738790596644, 0.13956737158096522, 0.1651802623236977, 0.04570502092075965, 2.5232328091161045, 0.14023074745719002, 0.1642855772018891, 0.039503690646154804, 3.3633496268666225, 0.14215757757288452, 0.1617783619850252, 0.15138781899444537, 0.15138781899444537, 0.09629120195144827, 0.309016994415785, 0.17381602273053234, 0.13374300485410948, 0.10747938586553347, 0.24383432952609996, 0.17757982674037778, 0.1314921353244337, 0.11686577399195934, 0.21042308212480457, 0.17404831450352634, 0.13359946280116453, 0.12292395231928116, 0.19472376645829628]
outer=6, rho_x=0.023529799999999993, rho_s=0.005882449999999998
x_ref=[-6.0, -1.0, 2.0, 1.8593145833721464e-32, 1.942907300445045, 0.30336448187328136, -4.75713658744437, -0.9620794397658399, 2.9714536502225224, 0.15168224093664068, 1.9053998291239052, -0.018274130337856912, -3.0332347836926203, -0.8885225855897516, 3.924153564784475, 0.14254517576771222, 1.7297308027227256, -0.05218180991912286, -0.854941650960042, -0.8237727239457859, 4.7890189661458376, 0.1164542708081508, -6.400106471362846e-18, -6.400106471362846e-18, 1.0, -5.0, 1.3102217743021777e-21, 1.0, -0.4710272277418951, -0.5629042384851355, 0.9411215965322631, -4.570363029810642, -0.23551361387094755, 0.7185478807574324, -0.06849717541314035, -0.3924151899607983, 0.8148026426701468, -4.260140988177025, -0.26976220157751774, 0.5223402857770332, 0.06419345790727247, -0.2229734574930409, 0.687945724119797, -4.0268425274751385, -0.23766547262388152, 0.41085355703051263, -2.373887136190595e-17, -2.373887136190595e-17]
s_ref=[0.07002747250492912, 0.8090169943751896, 0.15138781899444537, 0.15138781899444537, 0.055228093128658486, 1.6252738790596644, 0.13956737158096522, 0.1651802623236977, 0.04570502092075965, 2.5232328091161045, 0.14023074745719002, 0.1642855772018891, 0.039503690646154804, 3.3633496268666225, 0.14215757757288452, 0.1617783619850252, 0.15138781899444537, 0.15138781899444537, 0.09629120195144827, 0.309016994415785, 0.17381602273053234, 0.13374300485410948, 0.10747938586553347, 0.24383432952609996, 0.17757982674037778, 0.1314921353244337, 0.11686577399195934, 0.21042308212480457, 0.17404831450352634, 0.13359946280116453, 0.12292395231928116, 0.19472376645829628]
outer=7, rho_x=0.023529799999999993, rho_s=0.005882449999999998
x_ref=[-6.0, -1.0, 2.0, 1.8593145833721464e-32, 1.942907300445045, 0.30336448187328136, -4.75713658744437, -0.9620794397658399, 2.9714536502225224, 0.15168224093664068, 1.9053998291239052, -0.018274130337856912, -3.0332347836926203, -0.8885225855897516, 3.924153564784475, 0.14254517576771222, 1.7297308027227256, -0.05218180991912286, -0.854941650960042, -0.8237727239457859, 4.7890189661458376, 0.1164542708081508, -6.400106471362846e-18, -6.400106471362846e-18, 1.0, -5.0, 1.3102217743021777e-21, 1.0, -0.4710272277418951, -0.5629042384851355, 0.9411215965322631, -4.570363029810642, -0.23551361387094755, 0.7185478807574324, -0.06849717541314035, -0.3924151899607983, 0.8148026426701468, -4.260140988177025, -0.26976220157751774, 0.5223402857770332, 0.06419345790727247, -0.2229734574930409, 0.687945724119797, -4.0268425274751385, -0.23766547262388152, 0.41085355703051263, -2.373887136190595e-17, -2.373887136190595e-17]
s_ref=[0.07002747250492912, 0.8090169943751896, 0.15138781899444537, 0.15138781899444537, 0.055228093128658486, 1.6252738790596644, 0.13956737158096522, 0.1651802623236977, 0.04570502092075965, 2.5232328091161045, 0.14023074745719002, 0.1642855772018891, 0.039503690646154804, 3.3633496268666225, 0.14215757757288452, 0.1617783619850252, 0.15138781899444537, 0.15138781899444537, 0.09629120195144827, 0.309016994415785, 0.17381602273053234, 0.13374300485410948, 0.10747938586553347, 0.24383432952609996, 0.17757982674037778, 0.1314921353244337, 0.11686577399195934, 0.21042308212480457, 0.17404831450352634, 0.13359946280116453, 0.12292395231928116, 0.19472376645829628]
[inner]
outer=1, inner=1, total=1, rho_x=0.04801999999999999, rho_s=0.012004999999999998
outer=1, inner=2, total=2, rho_x=0.04801999999999999, rho_s=0.012004999999999998
outer=1, inner=3, total=3, rho_x=0.04801999999999999, rho_s=0.012004999999999998
outer=1, inner=4, total=4, rho_x=0.04801999999999999, rho_s=0.012004999999999998
outer=1, inner=5, total=5, rho_x=0.04801999999999999, rho_s=0.012004999999999998
outer=1, inner=6, total=6, rho_x=0.04801999999999999, rho_s=0.012004999999999998
outer=1, inner=7, total=7, rho_x=0.04801999999999999, rho_s=0.012004999999999998
outer=1, inner=8, total=8, rho_x=0.04801999999999999, rho_s=0.012004999999999998
outer=2, inner=1, total=9, rho_x=0.03361399999999999, rho_s=0.008403499999999998
outer=2, inner=2, total=10, rho_x=0.03361399999999999, rho_s=0.008403499999999998
outer=3, inner=1, total=11, rho_x=0.023529799999999993, rho_s=0.005882449999999998
outer=4, inner=1, total=12, rho_x=0.023529799999999993, rho_s=0.005882449999999998
[updates]
outer=1, stability=stable, rho_x=0.04801999999999999->0.03361399999999999, rho_s=0.012004999999999998->0.008403499999999998, res=66.66956308058633->1.3936679443231365e-11, avg_step=0.6171875, min_step=0.0625, inner_used=8
outer=2, stability=stable, rho_x=0.03361399999999999->0.023529799999999993, rho_s=0.008403499999999998->0.005882449999999998, res=0.07046773316120306->3.5102796888951622e-9, avg_step=1.0, min_step=1.0, inner_used=2
outer=3, stability=neutral, rho_x=0.023529799999999993->0.023529799999999993, rho_s=0.005882449999999998->0.005882449999999998, res=0.014519798234856296->2.064021813693912e-6, avg_step=1.0, min_step=1.0, inner_used=1
outer=4, stability=neutral, rho_x=0.023529799999999993->0.023529799999999993, rho_s=0.005882449999999998->0.005882449999999998, res=6.792027558734032e-5->1.2075994022323125e-8, avg_step=1.0, min_step=1.0, inner_used=1
outer=5, stability=neutral, rho_x=0.023529799999999993->0.023529799999999993, rho_s=0.005882449999999998->0.005882449999999998, res=5.111265333907552e-6->5.111265333907552e-6, avg_step=0.0, min_step=0.0, inner_used=0
outer=6, stability=neutral, rho_x=0.023529799999999993->0.023529799999999993, rho_s=0.005882449999999998->0.005882449999999998, res=5.111265333907552e-6->5.111265333907552e-6, avg_step=0.0, min_step=0.0, inner_used=0
outer=7, stability=neutral, rho_x=0.023529799999999993->0.023529799999999993, rho_s=0.005882449999999998->0.005882449999999998, res=5.111265333907552e-6->5.111265333907552e-6, avg_step=0.0, min_step=0.0, inner_used=0
