eps=0.00390625
outer_count=7, inner_count=13, update_count=7
[outer]
outer=1, rho_x=0.0019377802081399981, rho_s=0.00048444505203499953
x_ref=[-6.0, -1.0, 2.0, -2.1024239917038682e-33, 1.999074629441421, 0.11917261007247414, -4.750115671319822, -0.9851034237409407, 2.9995373147207105, 0.05958630503623707, 1.9984578539358238, -0.1526616243068621, -3.000539782217489, -0.97439297426118, 3.9987662416886223, -0.016744507117193972, 1.9953769982688927, -0.10413810163520085, -0.7517345365895659, -0.9957824905241771, 4.996454740823069, -0.06881355793479439, -2.8738734819084975e-17, -2.8738734819084975e-17, 1.0, -5.0, -9.296936980376444e-21, 1.0, -0.4348483448250927, -0.7017094983804077, 0.9456439568968633, -4.587713687297551, -0.21742417241254636, 0.6491452508097961, -0.041354139433475726, -0.4293115855099245, 0.8317626032614057, -4.316805010081394, -0.23810124212928424, 0.4344894580548339, 0.07606273007414752, -0.22867382596362965, 0.7222198234560321, -4.128144509299431, -0.20006987709221047, 0.32015254507301905, 2.5193625652791687e-17, 2.5193625652791687e-17]
s_ref=[1.0, 1.0, 1.0, 1.0, 1.0, 1.0, 1.0, 1.0, 1.0, 1.0, 1.0, 1.0, 1.0, 1.0, 1.0, 1.0, 1.0, 1.0, 1.0, 1.0, 1.0, 1.0, 1.0, 1.0, 1.0, 1.0, 1.0, 1.0, 1.0, 1.0, 1.0, 1.0]
outer=2, rho_x=0.0013564461456979987, rho_s=0.00033911153642449967
x_ref=[-6.0, -1.0, 2.0, -1.8158119004795264e-23, 1.99953717593451, 0.11690895088914129, -4.750057853008186, -0.9853863811388573, 2.999768587967255, 0.05845447544457064, 1.9992286611131624, -0.1542749893138702, -3.0002699763854133, -0.9754435170808058, 3.999382918523836, -0.018683019212364465, 1.9976868426832042, -0.10477346617897436, -0.7508676617880947, -0.9978817099593599, 4.998226339865438, -0.07106975230185164, 1.1076019877155283e-16, 1.1076019877155283e-16, 1.0, -5.0, -1.2191119587699533e-25, 1.0, -0.43461458510172285, -0.702626754458337, 0.9456731768622846, -4.587828344307293, -0.21730729255086143, 0.6486866227708314, -0.041193309507971565, -0.4294758006772859, 0.8318703668983574, -4.317169508006537, -0.2379039473048472, 0.4339487224321885, 0.07612724527031116, -0.22867181165989914, 0.7224342989047227, -4.128779123247931, -0.19984032466969162, 0.31961281660223895, 2.507388718124386e-17, 2.507388718124386e-17]
s_ref=[0.0007999369657236855, 0.5038771177588269, 0.0015425945261270902, 0.0015425945261270902, 0.0006760436700308649, 1.5010696382591862, 0.0014939053028656338, 0.0015952211011594243, 0.0005971927929739662, 2.5001640037531985, 0.0015589645286110218, 0.0015266261987768857, 0.000542628776999511, 3.4987844728966304, 0.0016071418396717255, 0.0014838716194787414, 0.0015425945261270902, 0.0015425945261270902, 0.00102290522818384, 0.004115585126033472, 0.0017623820836582176, 0.0013782948967172343, 0.001150442944518161, 0.0025290635707942793, 0.0017871262955024545, 0.0013648494633182072, 0.0012511821198186123, 0.002070281657904164, 0.0017420098598467063, 0.0013899520605855356, 0.0013145032213058429, 0.0018937611750682716]
outer=3, rho_x=0.0013564461456979987, rho_s=0.00033911153642449967
x_ref=[-6.0, -1.0, 2.0, -1.895037952847626e-33, 1.99953717593451, 0.1169089508891533, -4.750057853008186, -0.9853863811388558, 2.999768587967255, 0.05845447544457665, 1.9992286611131624, -0.15427498931389752, -3.0002699763854133, -0.9754435170808047, 3.999382918523836, -0.0186830192123721, 1.9976868426832042, -0.10477346617895446, -0.7508676617880948, -0.99788170995936, 4.998226339865438, -0.07106975230184932, 1.1076019877155283e-16, 1.1076019877155283e-16, 1.0, -5.0, -4.648600375938335e-21, 1.0, -0.43448266547694625, -0.7031311227015503, 0.9456896668153818, -4.587891390337694, -0.21724133273847313, 0.6484344386492248, -0.04109893371220273, -0.4295859552109202, 0.8319316337321198, -4.317372415414447, -0.2377907995945745, 0.4336414610437647, 0.07616353607864464, -0.22866479180119811, 0.7225566759446631, -4.129134783867714, -0.19970903155525216, 0.31930906514316565, 2.507388718124386e-17, 2.507388718124386e-17]
s_ref=[0.0005579877847917158, 0.5038761999304946, 0.0013009959060281697, 0.0013009959060281697, 0.0004340492644642237, 1.5010697433571862, 0.0012522795369030693, 0.0013536524773049257, 0.0003551715830779226, 2.5001641172240774, 0.0013173751662191788, 0.0012850186115837125, 0.00030058992014515514, 3.4987845694171087, 0.0013655801049427111, 0.0012422403318337635, 0.0013009959060281697, 0.0013009959060281697, 0.0007810470001969059, 0.003876239550390262, 0.0015208352684621318, 0.001136650586828463, 0.0009087487702376427, 0.0022874662430225805, 0.0015455346620177127, 0.0011232275596958093, 0.0010095898646867493, 0.0018284895185292072, 0.001500377404428055, 0.001148358816173176, 0.0010729612520750274, 0.0016519518093509591]
outer=4, rho_x=0.0013564461456979987, rho_s=0.00033911153642449967
x_ref=[-6.0, -1.0, 2.0, -1.895037952847626e-33, 1.99953717593451, 0.1169089508891533, -4.750057853008186, -0.9853863811388558, 2.999768587967255, 0.05845447544457665, 1.9992286611131624, -0.15427498931389752, -3.0002699763854133, -0.9754435170808047, 3.999382918523836, -0.0186830192123721, 1.9976868426832042, -0.10477346617895446, -0.7508676617880948, -0.99788170995936, 4.998226339865438, -0.07106975230184932, 1.1076019877155283e-16, 1.1076019877155283e-16, 1.0, -5.0, -4.648600375938335e-21, 1.0, -0.43448266547694625, -0.7031311227015503, 0.9456896668153818, -4.587891390337694, -0.21724133273847313, 0.6484344386492248, -0.04109893371220273, -0.4295859552109202, 0.8319316337321198, -4.317372415414447, -0.2377907995945745, 0.4336414610437647, 0.07616353607864464, -0.22866479180119811, 0.7225566759446631, -4.129134783867714, -0.19970903155525216, 0.31930906514316565, 2.507388718124386e-17, 2.507388718124386e-17]
s_ref=[0.0005579877847917158, 0.5038761999304946, 0.0013009959060281697, 0.0013009959060281697, 0.0004340492644642237, 1.5010697433571862, 0.0012522795369030693, 0.0013536524773049257, 0.0003551715830779226, 2.5001641172240774, 0.0013173751662191788, 0.0012850186115837125, 0.00030058992014515514, 3.4987845694171087, 0.0013655801049427111, 0.0012422403318337635, 0.0013009959060281697, 0.0013009959060281697, 0.0007810470001969059, 0.003876239550390262, 0.0015208352684621318, 0.001136650586828463, 0.0009087487702376427, 0.0022874662430225805, 0.0015455346620177127, 0.0011232275596958093, 0.0010095898646867493, 0.0018284895185292072, 0.001500377404428055, 0.001148358816173176, 0.0010729612520750274, 0.0016519518093509591]
outer=5, rho_x=0.0013564461456979987, rho_s=0.00033911153642449967
x_ref=[-6.0, -1.0, 2.0, -1.895037952847626e-33, 1.99953717593451, 0.1169089508891533, -4.750057853008186, -0.9853863811388558, 2.999768587967255, 0.05845447544457665, 1.9992286611131624, -0.15427498931389752, -3.0002699763854133, -0.9754435170808047, 3.999382918523836, -0.0186830192123721, 1.9976868426832042, -0.10477346617895446, -0.7508676617880948, -0.99788170995936, 4.998226339865438, -0.07106975230184932, 1.1076019877155283e-16, 1.1076019877155283e-16, 1.0, -5.0, -4.648600375938335e-21, 1.0, -0.43448266547694625, -0.7031311227015503, 0.9456896668153818, -4.587891390337694, -0.21724133273847313, 0.6484344386492248, -0.04109893371220273, -0.4295859552109202, 0.8319316337321198, -4.317372415414447, -0.2377907995945745, 0.4336414610437647, 0.07616353607864464, -0.22866479180119811, 0.7225566759446631, -4.129134783867714, -0.19970903155525216, 0.31930906514316565, 2.507388718124386e-17, 2.507388718124386e-17]
s_ref=[0.0005579877847917158, 0.5038761999304946, 0.0013009959060281697, 0.0013009959060281697, 0.0004340492644642237, 1.5010697433571862, 0.0012522795369030693, 0.0013536524773049257, 0.0003551715830779226, 2.5001641172240774, 0.0013173751662191788, 0.0012850186115837125, 0.00030058992014515514, 3.4987845694171087, 0.0013655801049427111, 0.0012422403318337635, 0.0013009959060281697, 0.0013009959060281697, 0.0007810470001969059, 0.003876239550390262, 0.0015208352684621318, 0.001136650586828463, 0.0009087487702376427, 0.0022874662430225805, 0.0015455346620177127, 0.0011232275596958093, 0.0010095898646867493, 0.0018284895185292072, 0.001500377404428055, 0.001148358816173176, 0.0010729612520750274, 0.0016519518093509591]
outer=6, rho_x=0.0013564461456979987, rho_s=0.00033911153642449967
x_ref=[-6.0, -1.0, 2.0, -1.895037952847626e-33, 1.99953717593451, 0.1169089508891533, -4.750057853008186, -0.9853863811388558, 2.999768587967255, 0.05845447544457665, 1.9992286611131624, -0.15427498931389752, -3.0002699763854133, -0.9754435170808047, 3.999382918523836, -0.0186830192123721, 1.9976868426832042, -0.10477346617895446, -0.7508676617880948, -0.99788170995936, 4.998226339865438, -0.07106975230184932, 1.1076019877155283e-16, 1.1076019877155283e-16, 1.0, -5.0, -4.648600375938335e-21, 1.0, -0.43448266547694625, -0.7031311227015503, 0.9456896668153818, -4.587891390337694, -0.21724133273847313, 0.6484344386492248, -0.04109893371220273, -0.4295859552109202, 0.8319316337321198, -4.317372415414447, -0.2377907995945745, 0.4336414610437647, 0.07616353607864464, -0.22866479180119811, 0.7225566759446631, -4.129134783867714, -0.19970903155525216, 0.31930906514316565, 2.507388718124386e-17, 2.507388718124386e-17]
s_ref=[0.0005579877847917158, 0.5038761999304946, 0.0013009959060281697, 0.0013009959060281697, 0.0004340492644642237, 1.5010697433571862, 0.0012522795369030693, 0.0013536524773049257, 0.0003551715830779226, 2.5001641172240774, 0.0013173751662191788, 0.0012850186115837125, 0.00030058992014515514, 3.4987845694171087, 0.0013655801049427111, 0.0012422403318337635, 0.0013009959060281697, 0.0013009959060281697, 0.0007810470001969059, 0.003876239550390262, 0.0015208352684621318, 0.001136650586828463, 0.0009087487702376427, 0.0022874662430225805, 0.0015455346620177127, 0.0011232275596958093, 0.0010095898646867493, 0.0018284895185292072, 0.001500377404428055, 0.001148358816173176, 0.0010729612520750274, 0.0016519518093509591]
outer=7, rho_x=0.0013564461456979987, rho_s=0.00033911153642449967
x_ref=[-6.0, -1.0, 2.0, -1.895037952847626e-33, 1.99953717593451, 0.1169089508891533, -4.750057853008186, -0.9853863811388558, 2.999768587967255, 0.05845447544457665, 1.9992286611131624, -0.15427498931389752, -3.0002699763854133, -0.9754435170808047, 3.999382918523836, -0.0186830192123721, 1.9976868426832042, -0.10477346617895446, -0.7508676617880948, -0.99788170995936, 4.998226339865438, -0.07106975230184932, 1.1076019877155283e-16, 1.1076019877155283e-16, 1.0, -5.0, -4.648600375938335e-21, 1.0, -0.43448266547694625, -0.7031311227015503, 0.9456896668153818, -4.587891390337694, -0.21724133273847313, 0.6484344386492248, -0.04109893371220273, -0.4295859552109202, 0.8319316337321198, -4.317372415414447, -0.2377907995945745, 0.4336414610437647, 0.07616353607864464, -0.22866479180119811, 0.7225566759446631, -4.129134783867714, -0.19970903155525216, 0.31930906514316565, 2.507388718124386e-17, 2.507388718124386e-17]
s_ref=[0.0005579877847917158, 0.5038761999304946, 0.0013009959060281697, 0.0013009959060281697, 0.0004340492644642237, 1.5010697433571862, 0.0012522795369030693, 0.0013536524773049257, 0.0003551715830779226, 2.5001641172240774, 0.0013173751662191788, 0.0012850186115837125, 0.00030058992014515514, 3.4987845694171087, 0.0013655801049427111, 0.0012422403318337635, 0.0013009959060281697, 0.0013009959060281697, 0.0007810470001969059, 0.003876239550390262, 0.0015208352684621318, 0.001136650586828463, 0.0009087487702376427, 0.0022874662430225805, 0.0015455346620177127, 0.0011232275596958093, 0.0010095898646867493, 0.0018284895185292072, 0.001500377404428055, 0.001148358816173176, 0.0010729612520750274, 0.0016519518093509591]
[inner]
outer=1, inner=1, total=1, rho_x=0.0019377802081399981, rho_s=0.00048444505203499953
outer=1, inner=2, total=2, rho_x=0.0019377802081399981, rho_s=0.00048444505203499953
outer=1, inner=3, total=3, rho_x=0.0019377802081399981, rho_s=0.00048444505203499953
outer=1, inner=4, total=4, rho_x=0.0019377802081399981, rho_s=0.00048444505203499953
outer=1, inner=5, total=5, rho_x=0.0019377802081399981, rho_s=0.00048444505203499953
outer=1, inner=6, total=6, rho_x=0.0019377802081399981, rho_s=0.00048444505203499953
outer=1, inner=7, total=7, rho_x=0.0019377802081399981, rho_s=0.00048444505203499953
outer=1, inner=8, total=8, rho_x=0.0019377802081399981, rho_s=0.00048444505203499953
outer=1, inner=9, total=9, rho_x=0.0019377802081399981, rho_s=0.00048444505203499953
outer=1, inner=10, total=10, rho_x=0.0019377802081399981, rho_s=0.00048444505203499953
outer=1, inner=11, total=11, rho_x=0.0019377802081399981, rho_s=0.00048444505203499953
outer=1, inner=12, total=12, rho_x=0.0019377802081399981, rho_s=0.00048444505203499953
outer=2, inner=1, total=13, rho_x=0.0013564461456979987, rho_s=0.00033911153642449967
[updates]
outer=1, stability=stable, rho_x=0.0019377802081399981->0.0013564461456979987, rho_s=0.00048444505203499953->0.00033911153642449967, res=70.44085622856308->4.860243466539684e-11, avg_step=0.5260416666666666, min_step=0.0625, inner_used=12
outer=2, stability=neutral, rho_x=0.0013564461456979987->0.0013564461456979987, rho_s=0.00033911153642449967->0.00033911153642449967, res=0.0030599840906809913->1.949967694422181e-7, avg_step=1.0, min_step=1.0, inner_used=1
outer=3, stability=neutral, rho_x=0.0013564461456979987->0.0013564461456979987, rho_s=0.00033911153642449967->0.00033911153642449967, res=1.2813339791816278e-6->1.2813339791816278e-6, avg_step=0.0, min_step=0.0, inner_used=0
outer=4, stability=neutral, rho_x=0.0013564461456979987->0.0013564461456979987, rho_s=0.00033911153642449967->0.00033911153642449967, res=1.2813339791816278e-6->1.2813339791816278e-6, avg_step=0.0, min_step=0.0, inner_used=0
outer=5, stability=neutral, rho_x=0.0013564461456979987->0.0013564461456979987, rho_s=0.00033911153642449967->0.00033911153642449967, res=1.2813339791816278e-6->1.2813339791816278e-6, avg_step=0.0, min_step=0.0, inner_used=0
outer=6, stability=neutral, rho_x=0.0013564461456979987->0.0013564461456979987, rho_s=0.00033911153642449967->0.00033911153642449967, res=1.2813339791816278e-6->1.2813339791816278e-6, avg_step=0.0, min_step=0.0, inner_used=0
outer=7, stability=neutral, rho_x=0.0013564461456979987->0.0013564461456979987, rho_s=0.00033911153642449967->0.00033911153642449967, res=1.2813339791816278e-6->1.2813339791816278e-6, avg_step=0.0, min_step=0.0, inner_used=0
