eps=0.03125
outer_count=7, inner_count=13, update_count=7
[outer]
outer=1, rho_x=0.005649504979999997, rho_s=0.0014123762449999991
x_ref=[-6.0, -1.0, 2.0, 9.977718340161235e-33, 1.9926279381246297, 0.14884762171860494, -4.750921507734422, -0.9813940472851744, 2.9963139690623146, 0.07442381085930247, 1.9877220548572054, -0.13143922772987532, -3.0042992663461137, -0.9606120453217576, 3.9901749964909174, 0.008704196994364824, 1.9633852635510052, -0.09581079949364749, -0.7637886101567792, -0.9682362967612812, 4.97186762826642, -0.03920120275245892, -7.781589287672516e-18, -7.781589287672516e-18, 1.0, -5.0, -6.97328513833002e-21, 1.0, -0.43962965854975533, -0.6832233207229849, 0.9450462926812806, -4.585402915090373, -0.21981482927487767, 0.6583883396385075, -0.04470703133271726, -0.4255925202706854, 0.8295504991272521, -4.309407810304954, -0.24216834494123632, 0.4455920795031649, 0.07470861782302006, -0.2286213846025162, 0.7178049038845115, -4.115189443628687, -0.20481403602972628, 0.33128138720190675, 3.723513070978019e-17, 3.723513070978019e-17]
s_ref=[1.0, 1.0, 1.0, 1.0, 1.0, 1.0, 1.0, 1.0, 1.0, 1.0, 1.0, 1.0, 1.0, 1.0, 1.0, 1.0, 1.0, 1.0, 1.0, 1.0, 1.0, 1.0, 1.0, 1.0, 1.0, 1.0, 1.0, 1.0, 1.0, 1.0, 1.0, 1.0]
outer=2, rho_x=0.003954653485999997, rho_s=0.0009886633714999993
x_ref=[-6.0, -1.0, 2.0, 1.023150282955719e-32, 1.9963051608808808, 0.13233469926481375, -4.75046185488989, -0.9834581625918983, 2.9981525804404403, 0.06616734963240688, 1.9938441438454668, -0.1432654982507836, -3.002155046688986, -0.9682826750570428, 3.995074652363174, -0.005465399492984927, 1.9815873264194597, -0.10044436878021418, -0.7569193047049669, -0.9835709209010621, 4.985868315572904, -0.055687583883092015, -8.026350906788471e-18, -8.026350906788471e-18, 1.0, -5.0, 1.9949107874711613e-26, 1.0, -0.43749794045721263, -0.6914473015815557, 0.9453127574428484, -4.586430912697694, -0.21874897022860632, 0.6542763492092222, -0.043228617085686975, -0.4272016768115466, 0.8305346951928344, -4.3126929476945275, -0.24036327877144978, 0.44067551080344886, 0.07531778054372663, -0.22870861560707034, 0.7197677783750753, -4.120943769243686, -0.20270438849958647, 0.3263212029999137, 4.016920562497656e-17, 4.016920562497656e-17]
s_ref=[0.005160257453115053, 0.5295260449855738, 0.011038959802638285, 0.011038959802638285, 0.004173668931200389, 1.5085080316581223, 0.010608160666884688, 0.011508656190765952, 0.0035453065700542514, 2.501318710706703, 0.011076214111259608, 0.01100197039661791, 0.0031119189540801473, 3.490342698884558, 0.011431459503818664, 0.01067399708254575, 0.011038959802638285, 0.011038959802638285, 0.0069340043475487455, 0.030157277553223085, 0.01277191599264137, 0.009739003187403039, 0.007927014952486293, 0.018767158364384702, 0.012974926522944925, 0.009628004840001694, 0.008715357740973869, 0.015236253726576662, 0.01262547165738009, 0.009823191749015064, 0.009212194540383342, 0.013853936683706446]
outer=3, rho_x=0.003954653485999997, rho_s=0.0009886633714999993
x_ref=[-6.0, -1.0, 2.0, -2.3590629450353378e-32, 1.9963051608808808, 0.13233469926481314, -4.75046185488989, -0.9834581625918984, 2.9981525804404403, 0.06616734963240657, 1.9938441438454668, -0.1432654982507825, -3.0021550466889866, -0.9682826750570429, 3.9950746523631735, -0.005465399492984685, 1.9815873264194597, -0.10044436878021465, -0.7569193047049672, -0.983570920901062, 4.985868315572903, -0.05568758388309201, -8.026350906788471e-18, -8.026350906788471e-18, 1.0, -5.0, 1.9949107874711613e-26, 1.0, -0.436970622856637, -0.6934789236586609, 0.9453786721429204, -4.5866848654573324, -0.2184853114283185, 0.6532605381706695, -0.04283907190385082, -0.42769003819749596, 0.8307811324407798, -4.3135158511466845, -0.2399048473802439, 0.4394155190719216, 0.07546940688353966, -0.228688107156989, 0.7202623846111003, -4.122394105005347, -0.20217014393847407, 0.3250714654934271, 4.016920562497656e-17, 4.016920562497656e-17]
s_ref=[0.004458952011014061, 0.529508487762445, 0.010345654515392492, 0.010345654515392492, 0.00347131677757133, 1.508510479393029, 0.009914168453892582, 0.01081611760973515, 0.00284233289163433, 2.501321349615174, 0.010382968960695387, 0.010308605515616262, 0.0024085371463645165, 3.490344949335222, 0.010738793643094692, 0.009980108836322901, 0.010345654515392492, 0.010345654515392492, 0.006234796939037289, 0.029508759023861943, 0.012079094320655136, 0.009045043856280941, 0.0072324843538819905, 0.018067949706231917, 0.012280521036673679, 0.008934834135830513, 0.008023690862039329, 0.014533630353654778, 0.01193001131910546, 0.009130818041235049, 0.008521850585609357, 0.013151811734685957]
outer=4, rho_x=0.003954653485999997, rho_s=0.0009886633714999993
x_ref=[-6.0, -1.0, 2.0, -2.4517967754092726e-33, 1.9963051608808808, 0.1323346992648132, -4.75046185488989, -0.9834581625918983, 2.9981525804404403, 0.0661673496324066, 1.9938441438454668, -0.1432654982507824, -3.0021550466889866, -0.9682826750570429, 3.995074652363174, -0.005465399492984617, 1.9815873264194597, -0.10044436878021455, -0.7569193047049669, -0.983570920901062, 4.985868315572903, -0.05568758388309189, -8.026350906788471e-18, -8.026350906788471e-18, 1.0, -5.0, 1.9949107874711613e-26, 1.0, -0.4368977386466596, -0.6937717131500147, 0.9453877826691676, -4.586721464143752, -0.2184488693233298, 0.6531141434249926, -0.04278002054712057, -0.42777405280316555, 0.8308158454391126, -4.313636149031651, -0.2398388795968901, 0.4392271170234099, 0.0754903169213219, -0.22867372533276334, 0.7203326952558328, -4.122606806186542, -0.20209372113622917, 0.32489025435702823, 4.016920562497656e-17, 4.016920562497656e-17]
s_ref=[0.004458606123041018, 0.529508497187228, 0.0103453164532544, 0.0103453164532544, 0.0034709701057857208, 1.5085104799760438, 0.009913829610918305, 0.010815780440122049, 0.0028419857869319224, 2.5013213507313896, 0.010382630967770106, 0.010308267385024805, 0.0024081897713956347, 3.4903449504676582, 0.010738456323808846, 0.009979770110365282, 0.0103453164532544, 0.0103453164532544, 0.006234452809802963, 0.029508497309990517, 0.012078419526798246, 0.00904489523514882, 0.007232635020792764, 0.01806461922834282, 0.01227955135044531, 0.00893483237543111, 0.008024131166241207, 0.01453078008302792, 0.01192898151974786, 0.009130887802749649, 0.008522358402869856, 0.013149488397287037]
outer=5, rho_x=0.003954653485999997, rho_s=0.0009886633714999993
x_ref=[-6.0, -1.0, 2.0, -2.4517967754092726e-33, 1.9963051608808808, 0.1323346992648132, -4.75046185488989, -0.9834581625918983, 2.9981525804404403, 0.0661673496324066, 1.9938441438454668, -0.1432654982507824, -3.0021550466889866, -0.9682826750570429, 3.995074652363174, -0.005465399492984617, 1.9815873264194597, -0.10044436878021455, -0.7569193047049669, -0.983570920901062, 4.985868315572903, -0.05568758388309189, -8.026350906788471e-18, -8.026350906788471e-18, 1.0, -5.0, 1.9949107874711613e-26, 1.0, -0.4368977386466596, -0.6937717131500147, 0.9453877826691676, -4.586721464143752, -0.2184488693233298, 0.6531141434249926, -0.04278002054712057, -0.42777405280316555, 0.8308158454391126, -4.313636149031651, -0.2398388795968901, 0.4392271170234099, 0.0754903169213219, -0.22867372533276334, 0.7203326952558328, -4.122606806186542, -0.20209372113622917, 0.32489025435702823, 4.016920562497656e-17, 4.016920562497656e-17]
s_ref=[0.004458606123041018, 0.529508497187228, 0.0103453164532544, 0.0103453164532544, 0.0034709701057857208, 1.5085104799760438, 0.009913829610918305, 0.010815780440122049, 0.0028419857869319224, 2.5013213507313896, 0.010382630967770106, 0.010308267385024805, 0.0024081897713956347, 3.4903449504676582, 0.010738456323808846, 0.009979770110365282, 0.0103453164532544, 0.0103453164532544, 0.006234452809802963, 0.029508497309990517, 0.012078419526798246, 0.00904489523514882, 0.007232635020792764, 0.01806461922834282, 0.01227955135044531, 0.00893483237543111, 0.008024131166241207, 0.01453078008302792, 0.01192898151974786, 0.009130887802749649, 0.008522358402869856, 0.013149488397287037]
outer=6, rho_x=0.003954653485999997, rho_s=0.0009886633714999993
x_ref=[-6.0, -1.0, 2.0, -2.4517967754092726e-33, 1.9963051608808808, 0.1323346992648132, -4.75046185488989, -0.9834581625918983, 2.9981525804404403, 0.0661673496324066, 1.9938441438454668, -0.1432654982507824, -3.0021550466889866, -0.9682826750570429, 3.995074652363174, -0.005465399492984617, 1.9815873264194597, -0.10044436878021455, -0.7569193047049669, -0.983570920901062, 4.985868315572903, -0.05568758388309189, -8.026350906788471e-18, -8.026350906788471e-18, 1.0, -5.0, 1.9949107874711613e-26, 1.0, -0.4368977386466596, -0.6937717131500147, 0.9453877826691676, -4.586721464143752, -0.2184488693233298, 0.6531141434249926, -0.04278002054712057, -0.42777405280316555, 0.8308158454391126, -4.313636149031651, -0.2398388795968901, 0.4392271170234099, 0.0754903169213219, -0.22867372533276334, 0.7203326952558328, -4.122606806186542, -0.20209372113622917, 0.32489025435702823, 4.016920562497656e-17, 4.016920562497656e-17]
s_ref=[0.004458606123041018, 0.529508497187228, 0.0103453164532544, 0.0103453164532544, 0.0034709701057857208, 1.5085104799760438, 0.009913829610918305, 0.010815780440122049, 0.0028419857869319224, 2.5013213507313896, 0.010382630967770106, 0.010308267385024805, 0.0024081897713956347, 3.4903449504676582, 0.010738456323808846, 0.009979770110365282, 0.0103453164532544, 0.0103453164532544, 0.006234452809802963, 0.029508497309990517, 0.012078419526798246, 0.00904489523514882, 0.007232635020792764, 0.01806461922834282, 0.01227955135044531, 0.00893483237543111, 0.008024131166241207, 0.01453078008302792, 0.01192898151974786, 0.009130887802749649, 0.008522358402869856, 0.013149488397287037]
outer=7, rho_x=0.003954653485999997, rho_s=0.0009886633714999993
x_ref=[-6.0, -1.0, 2.0, -2.4517967754092726e-33, 1.9963051608808808, 0.1323346992648132, -4.75046185488989, -0.9834581625918983, 2.9981525804404403, 0.0661673496324066, 1.9938441438454668, -0.1432654982507824, -3.0021550466889866, -0.9682826750570429, 3.995074652363174, -0.005465399492984617, 1.9815873264194597, -0.10044436878021455, -0.7569193047049669, -0.983570920901062, 4.985868315572903, -0.05568758388309189, -8.026350906788471e-18, -8.026350906788471e-18, 1.0, -5.0, 1.9949107874711613e-26, 1.0, -0.4368977386466596, -0.6937717131500147, 0.9453877826691676, -4.586721464143752, -0.2184488693233298, 0.6531141434249926, -0.04278002054712057, -0.42777405280316555, 0.8308158454391126, -4.313636149031651, -0.2398388795968901, 0.4392271170234099, 0.0754903169213219, -0.22867372533276334, 0.7203326952558328, -4.122606806186542, -0.20209372113622917, 0.32489025435702823, 4.016920562497656e-17, 4.016920562497656e-17]
s_ref=[0.004458606123041018, 0.529508497187228, 0.0103453164532544, 0.0103453164532544, 0.0034709701057857208, 1.5085104799760438, 0.009913829610918305, 0.010815780440122049, 0.0028419857869319224, 2.5013213507313896, 0.010382630967770106, 0.010308267385024805, 0.0024081897713956347, 3.4903449504676582, 0.010738456323808846, 0.009979770110365282, 0.0103453164532544, 0.0103453164532544, 0.006234452809802963, 0.029508497309990517, 0.012078419526798246, 0.00904489523514882, 0.007232635020792764, 0.01806461922834282, 0.01227955135044531, 0.00893483237543111, 0.008024131166241207, 0.01453078008302792, 0.01192898151974786, 0.009130887802749649, 0.008522358402869856, 0.013149488397287037]
[inner]
outer=1, inner=1, total=1, rho_x=0.005649504979999997, rho_s=0.0014123762449999991
outer=1, inner=2, total=2, rho_x=0.005649504979999997, rho_s=0.0014123762449999991
outer=1, inner=3, total=3, rho_x=0.005649504979999997, rho_s=0.0014123762449999991
outer=1, inner=4, total=4, rho_x=0.005649504979999997, rho_s=0.0014123762449999991
outer=1, inner=5, total=5, rho_x=0.005649504979999997, rho_s=0.0014123762449999991
outer=1, inner=6, total=6, rho_x=0.005649504979999997, rho_s=0.0014123762449999991
outer=1, inner=7, total=7, rho_x=0.005649504979999997, rho_s=0.0014123762449999991
outer=1, inner=8, total=8, rho_x=0.005649504979999997, rho_s=0.0014123762449999991
outer=1, inner=9, total=9, rho_x=0.005649504979999997, rho_s=0.0014123762449999991
outer=1, inner=10, total=10, rho_x=0.005649504979999997, rho_s=0.0014123762449999991
outer=1, inner=11, total=11, rho_x=0.005649504979999997, rho_s=0.0014123762449999991
outer=2, inner=1, total=12, rho_x=0.003954653485999997, rho_s=0.0009886633714999993
outer=3, inner=1, total=13, rho_x=0.003954653485999997, rho_s=0.0009886633714999993
[updates]
outer=1, stability=stable, rho_x=0.005649504979999997->0.003954653485999997, rho_s=0.0014123762449999991->0.0009886633714999993, res=70.17180183963355->1.2069630104528435e-10, avg_step=0.5284090909090909, min_step=0.0625, inner_used=11
outer=2, stability=neutral, rho_x=0.003954653485999997->0.003954653485999997, rho_s=0.0009886633714999993->0.0009886633714999993, res=0.008859685857550703->1.6382351637618934e-6, avg_step=1.0, min_step=1.0, inner_used=1
outer=3, stability=neutral, rho_x=0.003954653485999997->0.003954653485999997, rho_s=0.0009886633714999993->0.0009886633714999993, res=1.4656358518882935e-5->6.110005122580905e-9, avg_step=1.0, min_step=1.0, inner_used=1
outer=4, stability=neutral, rho_x=0.003954653485999997->0.003954653485999997, rho_s=0.0009886633714999993->0.0009886633714999993, res=2.0579420523112477e-6->2.0579420523112477e-6, avg_step=0.0, min_step=0.0, inner_used=0
outer=5, stability=neutral, rho_x=0.003954653485999997->0.003954653485999997, rho_s=0.0009886633714999993->0.0009886633714999993, res=2.0579420523112477e-6->2.0579420523112477e-6, avg_step=0.0, min_step=0.0, inner_used=0
outer=6, stability=neutral, rho_x=0.003954653485999997->0.003954653485999997, rho_s=0.0009886633714999993->0.0009886633714999993, res=2.0579420523112477e-6->2.0579420523112477e-6, avg_step=0.0, min_step=0.0, inner_used=0
outer=7, stability=neutral, rho_x=0.003954653485999997->0.003954653485999997, rho_s=0.0009886633714999993->0.0009886633714999993, res=2.0579420523112477e-6->2.0579420523112477e-6, avg_step=0.0, min_step=0.0, inner_used=0
