eps=0.125
outer_count=7, inner_count=12, update_count=7
[outer]
outer=1, rho_x=0.011529601999999995, rho_s=0.0028824004999999987
x_ref=[-6.0, -1.0, 2.0, 8.074893484072857e-34, 1.9709253526247046, 0.2290033307214783, -4.753634330921912, -0.9713745836598152, 2.9854626763123524, 0.11450166536073915, 1.9516823358638313, -0.07335337450323884, -3.0169427007827565, -0.9232929227923505, 3.9613038442442683, 0.07782497810911973, 1.858503296945997, -0.07327537949291561, -0.8039778665423729, -0.8935398561744051, 4.890555492717267, 0.041187288362661924, 3.008820711566396e-17, 3.008820711566396e-17, 1.0, -5.0, -6.519899604494263e-22, 1.0, -0.4544819708929182, -0.6263125539499583, 0.9431897536383852, -4.578289069243745, -0.2272409854464591, 0.6868437230250208, -0.05558638745605077, -0.411675050984365, 0.8226209624831493, -4.28632658910428, -0.2550341791744845, 0.4810061975328383, 0.0700838132716811, -0.22708055440892333, 0.7038643495548672, -4.074208559638976, -0.21999227253864392, 0.36746592032837666, -1.5167697366955376e-17, -1.5167697366955376e-17]
s_ref=[1.0, 1.0, 1.0, 1.0, 1.0, 1.0, 1.0, 1.0, 1.0, 1.0, 1.0, 1.0, 1.0, 1.0, 1.0, 1.0, 1.0, 1.0, 1.0, 1.0, 1.0, 1.0, 1.0, 1.0, 1.0, 1.0, 1.0, 1.0, 1.0, 1.0, 1.0, 1.0]
outer=2, rho_x=0.008070721399999996, rho_s=0.002017680349999999
x_ref=[-6.0, -1.0, 2.0, -4.5395297496189516e-24, 1.9853256751070663, 0.17879748683796454, -4.751834290611617, -0.9776503141452545, 2.9926628375535334, 0.08939874341898227, 1.975577997998194, -0.10987403048381372, -3.0085556220850758, -0.94668519624624, 3.9804518365526302, 0.0344617281770754, 1.9276064302531686, -0.08740325318206618, -0.7773789000271148, -0.9403797388054606, 4.944255051679215, -0.009239898413957693, -2.4085182328218308e-17, -2.4085182328218308e-17, 1.0, -5.0, -5.674412187575702e-25, 1.0, -0.4460785643269932, -0.6582563462312826, 0.9442401794591259, -4.58228204327891, -0.2230392821634966, 0.6708718268843588, -0.049445422312714093, -0.41964792464970735, 0.8265398605882883, -4.299302120417944, -0.24776199331985366, 0.461047864559505, 0.07274483690158967, -0.22826487211753677, 0.7117519685410603, -4.097311297152884, -0.21138957486905882, 0.34691542850073664, -3.7798331342400933e-17, -3.7798331342400933e-17]
s_ref=[0.019173419769106654, 0.6036371042236642, 0.041914808918267356, 0.041914808918267356, 0.015283579694211544, 1.5334014723952534, 0.039747566757409376, 0.04433452767501459, 0.012800347643429008, 2.5053766021320825, 0.04105164590959259, 0.04281540004673784, 0.011107066332564097, 3.462288214357962, 0.04215250688438161, 0.041679800572118224, 0.041914808918267356, 0.04191480891826736, 0.02614477850336363, 0.10465508536820078, 0.04852383529090218, 0.036900595855696924, 0.029798689392331372, 0.07078994113348176, 0.04938692815038863, 0.03641879583830778, 0.03274135907199284, 0.05831675668831675, 0.04812745277458755, 0.03713216515505752, 0.03460906618964001, 0.053177513223177875]
outer=3, rho_x=0.008070721399999996, rho_s=0.002017680349999999
x_ref=[-6.0, -1.0, 2.0, -3.271602742961577e-32, 1.9853256751070663, 0.1787974868379657, -4.751834290611617, -0.9776503141452543, 2.9926628375535334, 0.08939874341898285, 1.975577997998194, -0.10987403048381256, -3.008555622085076, -0.9466851962462394, 3.9804518365526302, 0.034461728177076566, 1.9276064302531686, -0.08740325318206946, -0.7773789000271148, -0.9403797388054598, 4.944255051679215, -0.009239898413958166, -2.4085182328218308e-17, -2.4085182328218308e-17, 1.0, -5.0, -7.437622287709808e-20, 1.0, -0.44494709284043915, -0.6627445205549566, 0.9443816133949451, -4.58284306506937, -0.22247354642021958, 0.6686277397225218, -0.048540347829631195, -0.4209488257920001, 0.8270772967061315, -4.301147798432109, -0.2467437203350352, 0.45815332682652166, 0.07312116215378929, -0.22832686926572676, 0.7128455818078376, -4.100611993677064, -0.21018313925814053, 0.3439898921936583, -3.7798331342400933e-17, -3.7798331342400933e-17]
s_ref=[0.01776836050546126, 0.6035533452344948, 0.04057070619780161, 0.04057070619780161, 0.013870179020261103, 1.5334213570591735, 0.038396821179496124, 0.042998030958052456, 0.011381963929074819, 2.5053979547827043, 0.03970487803692578, 0.04147410515641369, 0.00968543996511245, 3.462306582739992, 0.04080914257258673, 0.04033496969475997, 0.04057070619780161, 0.04057070619780161, 0.024756258185569726, 0.10355404561826942, 0.04718154672053684, 0.035552553482277385, 0.028448186918668954, 0.06938724453432482, 0.04803073827621146, 0.03507775729025699, 0.03141504602965514, 0.05688510780807944, 0.04676253413057056, 0.035797767441020416, 0.033293938917565435, 0.05175004549723824]
outer=4, rho_x=0.008070721399999996, rho_s=0.002017680349999999
x_ref=[-6.0, -1.0, 2.0, -7.349428219682842e-33, 1.9853256751070663, 0.17879748683796548, -4.751834290611617, -0.9776503141452543, 2.9926628375535334, 0.08939874341898274, 1.975577997998194, -0.10987403048381239, -3.008555622085076, -0.9466851962462395, 3.9804518365526302, 0.03446172817707655, 1.9276064302531686, -0.08740325318206918, -0.7773789000271148, -0.9403797388054598, 4.944255051679215, -0.009239898413958041, -2.4085182328218308e-17, -2.4085182328218308e-17, 1.0, -5.0, -4.649045905961216e-21, 1.0, -0.4448604184196299, -0.6631176009929269, 0.9443924476975463, -4.582889700124116, -0.22243020920981496, 0.6684411995035365, -0.048461622420916686, -0.42107605694154254, 0.8271196402900242, -4.301303607490041, -0.2466610204202733, 0.4579031710327653, 0.07315179023082156, -0.22831815268374006, 0.7129331038587403, -4.1008917910591265, -0.21008512530486254, 0.3437440946908953, -3.7798331342400933e-17, -3.7798331342400933e-17]
s_ref=[0.01776695437779433, 0.6035533905865815, 0.04056941630994369, 0.04056941630994369, 0.013868760285637983, 1.533421367037403, 0.03839551696594921, 0.04299675786943944, 0.01138053815828605, 2.505397973122559, 0.03970358236148345, 0.04147282142232069, 0.009684009829647577, 3.462306601467776, 0.0408078542975147, 0.04033367822042431, 0.04056941630994369, 0.04056941630994369, 0.02475487977527832, 0.10355339115640844, 0.04717876708409682, 0.035552121115275385, 0.028449300083628247, 0.06937265906947346, 0.04802648232952508, 0.03507808691605828, 0.0314177530676035, 0.05687153015878867, 0.04675789567597399, 0.03579849077505826, 0.033297081469326396, 0.051738653214084294]
outer=5, rho_x=0.008070721399999996, rho_s=0.002017680349999999
x_ref=[-6.0, -1.0, 2.0, -7.349428219682842e-33, 1.9853256751070663, 0.17879748683796548, -4.751834290611617, -0.9776503141452543, 2.9926628375535334, 0.08939874341898274, 1.975577997998194, -0.10987403048381239, -3.008555622085076, -0.9466851962462395, 3.9804518365526302, 0.03446172817707655, 1.9276064302531686, -0.08740325318206918, -0.7773789000271148, -0.9403797388054598, 4.944255051679215, -0.009239898413958041, -2.4085182328218308e-17, -2.4085182328218308e-17, 1.0, -5.0, -4.649045905961216e-21, 1.0, -0.4448604184196299, -0.6631176009929269, 0.9443924476975463, -4.582889700124116, -0.22243020920981496, 0.6684411995035365, -0.048461622420916686, -0.42107605694154254, 0.8271196402900242, -4.301303607490041, -0.2466610204202733, 0.4579031710327653, 0.07315179023082156, -0.22831815268374006, 0.7129331038587403, -4.1008917910591265, -0.21008512530486254, 0.3437440946908953, -3.7798331342400933e-17, -3.7798331342400933e-17]
s_ref=[0.01776695437779433, 0.6035533905865815, 0.04056941630994369, 0.04056941630994369, 0.013868760285637983, 1.533421367037403, 0.03839551696594921, 0.04299675786943944, 0.01138053815828605, 2.505397973122559, 0.03970358236148345, 0.04147282142232069, 0.009684009829647577, 3.462306601467776, 0.0408078542975147, 0.04033367822042431, 0.04056941630994369, 0.04056941630994369, 0.02475487977527832, 0.10355339115640844, 0.04717876708409682, 0.035552121115275385, 0.028449300083628247, 0.06937265906947346, 0.04802648232952508, 0.03507808691605828, 0.0314177530676035, 0.05687153015878867, 0.04675789567597399, 0.03579849077505826, 0.033297081469326396, 0.051738653214084294]
outer=6, rho_x=0.008070721399999996, rho_s=0.002017680349999999
x_ref=[-6.0, -1.0, 2.0, -7.349428219682842e-33, 1.9853256751070663, 0.17879748683796548, -4.751834290611617, -0.9776503141452543, 2.9926628375535334, 0.08939874341898274, 1.975577997998194, -0.10987403048381239, -3.008555622085076, -0.9466851962462395, 3.9804518365526302, 0.03446172817707655, 1.9276064302531686, -0.08740325318206918, -0.7773789000271148, -0.9403797388054598, 4.944255051679215, -0.009239898413958041, -2.4085182328218308e-17, -2.4085182328218308e-17, 1.0, -5.0, -4.649045905961216e-21, 1.0, -0.4448604184196299, -0.6631176009929269, 0.9443924476975463, -4.582889700124116, -0.22243020920981496, 0.6684411995035365, -0.048461622420916686, -0.42107605694154254, 0.8271196402900242, -4.301303607490041, -0.2466610204202733, 0.4579031710327653, 0.07315179023082156, -0.22831815268374006, 0.7129331038587403, -4.1008917910591265, -0.21008512530486254, 0.3437440946908953, -3.7798331342400933e-17, -3.7798331342400933e-17]
s_ref=[0.01776695437779433, 0.6035533905865815, 0.04056941630994369, 0.04056941630994369, 0.013868760285637983, 1.533421367037403, 0.03839551696594921, 0.04299675786943944, 0.01138053815828605, 2.505397973122559, 0.03970358236148345, 0.04147282142232069, 0.009684009829647577, 3.462306601467776, 0.0408078542975147, 0.04033367822042431, 0.04056941630994369, 0.04056941630994369, 0.02475487977527832, 0.10355339115640844, 0.04717876708409682, 0.035552121115275385, 0.028449300083628247, 0.06937265906947346, 0.04802648232952508, 0.03507808691605828, 0.0314177530676035, 0.05687153015878867, 0.04675789567597399, 0.03579849077505826, 0.033297081469326396, 0.051738653214084294]
outer=7, rho_x=0.008070721399999996, rho_s=0.002017680349999999
x_ref=[-6.0, -1.0, 2.0, -7.349428219682842e-33, 1.9853256751070663, 0.17879748683796548, -4.751834290611617, -0.9776503141452543, 2.9926628375535334, 0.08939874341898274, 1.975577997998194, -0.10987403048381239, -3.008555622085076, -0.9466851962462395, 3.9804518365526302, 0.03446172817707655, 1.9276064302531686, -0.08740325318206918, -0.7773789000271148, -0.9403797388054598, 4.944255051679215, -0.009239898413958041, -2.4085182328218308e-17, -2.4085182328218308e-17, 1.0, -5.0, -4.649045905961216e-21, 1.0, -0.4448604184196299, -0.6631176009929269, 0.9443924476975463, -4.582889700124116, -0.22243020920981496, 0.6684411995035365, -0.048461622420916686, -0.42107605694154254, 0.8271196402900242, -4.301303607490041, -0.2466610204202733, 0.4579031710327653, 0.07315179023082156, -0.22831815268374006, 0.7129331038587403, -4.1008917910591265, -0.21008512530486254, 0.3437440946908953, -3.7798331342400933e-17, -3.7798331342400933e-17]
s_ref=[0.01776695437779433, 0.6035533905865815, 0.04056941630994369, 0.04056941630994369, 0.013868760285637983, 1.533421367037403, 0.03839551696594921, 0.04299675786943944, 0.01138053815828605, 2.505397973122559, 0.03970358236148345, 0.04147282142232069, 0.009684009829647577, 3.462306601467776, 0.0408078542975147, 0.04033367822042431, 0.04056941630994369, 0.04056941630994369, 0.02475487977527832, 0.10355339115640844, 0.04717876708409682, 0.035552121115275385, 0.028449300083628247, 0.06937265906947346, 0.04802648232952508, 0.03507808691605828, 0.0314177530676035, 0.05687153015878867, 0.04675789567597399, 0.03579849077505826, 0.033297081469326396, 0.051738653214084294]
[inner]
outer=1, inner=1, total=1, rho_x=0.011529601999999995, rho_s=0.0028824004999999987
outer=1, inner=2, total=2, rho_x=0.011529601999999995, rho_s=0.0028824004999999987
outer=1, inner=3, total=3, rho_x=0.011529601999999995, rho_s=0.0028824004999999987
outer=1, inner=4, total=4, rho_x=0.011529601999999995, rho_s=0.0028824004999999987
outer=1, inner=5, total=5, rho_x=0.011529601999999995, rho_s=0.0028824004999999987
outer=1, inner=6, total=6, rho_x=0.011529601999999995, rho_s=0.0028824004999999987
outer=1, inner=7, total=7, rho_x=0.011529601999999995, rho_s=0.0028824004999999987
outer=1, inner=8, total=8, rho_x=0.011529601999999995, rho_s=0.0028824004999999987
outer=1, inner=9, total=9, rho_x=0.011529601999999995, rho_s=0.0028824004999999987
outer=1, inner=10, total=10, rho_x=0.011529601999999995, rho_s=0.0028824004999999987
outer=2, inner=1, total=11, rho_x=0.008070721399999996, rho_s=0.002017680349999999
outer=3, inner=1, total=12, rho_x=0.008070721399999996, rho_s=0.002017680349999999
[updates]
outer=1, stability=stable, rho_x=0.011529601999999995->0.008070721399999996, rho_s=0.0028824004999999987->0.002017680349999999, res=69.30523262693505->2.467510431574628e-11, avg_step=0.53125, min_step=0.0625, inner_used=10
outer=2, stability=neutral, rho_x=0.008070721399999996->0.008070721399999996, rho_s=0.002017680349999999->0.002017680349999999, res=0.017745909514992605->8.077695042499741e-6, avg_step=1.0, min_step=1.0, inner_used=1
outer=3, stability=neutral, rho_x=0.008070721399999996->0.008070721399999996, rho_s=0.002017680349999999->0.002017680349999999, res=6.714071329717992e-5->3.805072220847878e-8, avg_step=1.0, min_step=1.0, inner_used=1
outer=4, stability=neutral, rho_x=0.008070721399999996->0.008070721399999996, rho_s=0.002017680349999999->0.002017680349999999, res=5.477315294725057e-6->5.477315294725057e-6, avg_step=0.0, min_step=0.0, inner_used=0
outer=5, stability=neutral, rho_x=0.008070721399999996->0.008070721399999996, rho_s=0.002017680349999999->0.002017680349999999, res=5.477315294725057e-6->5.477315294725057e-6, avg_step=0.0, min_step=0.0, inner_used=0
outer=6, stability=neutral, rho_x=0.008070721399999996->0.008070721399999996, rho_s=0.002017680349999999->0.002017680349999999, res=5.477315294725057e-6->5.477315294725057e-6, avg_step=0.0, min_step=0.0, inner_used=0
outer=7, stability=neutral, rho_x=0.008070721399999996->0.008070721399999996, rho_s=0.002017680349999999->0.002017680349999999, res=5.477315294725057e-6->5.477315294725057e-6, avg_step=0.0, min_step=0.0, inner_used=0
