eps=0.015625
outer_count=7, inner_count=12, update_count=7
[outer]
outer=1, rho_x=0.003954653485999997, rho_s=0.0009886633714999993
x_ref=[-6.0, -1.0, 2.0, -2.4517967754092726e-33, 1.9963051608808808, 0.1323346992648132, -4.75046185488989, -0.9834581625918983, 2.9981525804404403, 0.0661673496324066, 1.9938441438454668, -0.1432654982507824, -3.0021550466889866, -0.9682826750570429, 3.995074652363174, -0.005465399492984617, 1.9815873264194597, -0.10044436878021455, -0.7569193047049669, -0.983570920901062, 4.985868315572903, -0.05568758388309189, -8.026350906788471e-18, -8.026350906788471e-18, 1.0, -5.0, 1.9949107874711613e-26, 1.0, -0.4368977386466596, -0.6937717131500147, 0.9453877826691676, -4.586721464143752, -0.2184488693233298, 0.6531141434249926, -0.04278002054712057, -0.42777405280316555, 0.8308158454391126, -4.313636149031651, -0.2398388795968901, 0.4392271170234099, 0.0754903169213219, -0.22867372533276334, 0.7203326952558328, -4.122606806186542, -0.20209372113622917, 0.32489025435702823, 4.016920562497656e-17, 4.016920562497656e-17]
s_ref=[1.0, 1.0, 1.0, 1.0, 1.0, 1.0, 1.0, 1.0, 1.0, 1.0, 1.0, 1.0, 1.0, 1.0, 1.0, 1.0, 1.0, 1.0, 1.0, 1.0, 1.0, 1.0, 1.0, 1.0, 1.0, 1.0, 1.0, 1.0, 1.0, 1.0, 1.0, 1.0]
outer=2, rho_x=0.0027682574401999976, rho_s=0.0006920643600499994
x_ref=[-6.0, -1.0, 2.0, -4.5395297540937295e-24, 1.9981503678397294, 0.12363867151154419, -4.750231204020034, -0.984545166061057, 2.9990751839198646, 0.061819335755772094, 1.9969178323536199, -0.1494763292746347, -3.001078883015899, -0.9723200393425003, 3.997534100096675, -0.012918828881545252, 1.9907672355700263, -0.10288467160063941, -0.7534659285213086, -0.9916400377333527, 4.992917717881688, -0.06436116468186495, -5.853617621028712e-17, -5.853617621028712e-17, 1.0, -5.0, -1.2191119710528664e-25, 1.0, -0.4358960927387155, -0.6976595151111958, 0.9455129884076605, -4.587207439388899, -0.21794804636935775, 0.651170242444402, -0.04209344130960082, -0.42848479363662345, 0.8312772850592816, -4.315182917371277, -0.23899476702415817, 0.4369278456260904, 0.07577109810864104, -0.22869818082148058, 0.7212512888107825, -4.1253062671609175, -0.20110921796983766, 0.32257875521535007, -4.997087670875982e-18, -4.997087670875982e-18]
s_ref=[0.002723392776332184, 0.5151718993158733, 0.005680208570786935, 0.005680208570786935, 0.002228838062429815, 1.5042678797772193, 0.005476325405398296, 0.005901425431061267, 0.0019139826438574284, 2.5006573521067406, 0.005724934177656749, 0.005636238760226673, 0.00169641290567908, 3.495152168223138, 0.00591092434995382, 0.005468283811169134, 0.005680208570786935, 0.005680208570786935, 0.0036130358703942984, 0.015637742188995954, 0.006553845938609073, 0.005026157582748469, 0.00411710316619292, 0.009590609659618223, 0.006653976381444912, 0.004971604938073833, 0.004516165800786853, 0.007786033315267908, 0.006476038126020357, 0.005070767516449674, 0.004767301000274543, 0.007086396071605984]
outer=3, rho_x=0.0027682574401999976, rho_s=0.0006920643600499994
x_ref=[-6.0, -1.0, 2.0, 2.6720838585540316e-31, 1.9981503678397294, 0.12363867151153794, -4.750231204020034, -0.9845451660610578, 2.9990751839198646, 0.06181933575576897, 1.9969178323536199, -0.14947632927462115, -3.001078883015899, -0.972320039342501, 3.9975341000966744, -0.012918828881541599, 1.9907672355700263, -0.10288467160064341, -0.7534659285213087, -0.9916400377333522, 4.992917717881688, -0.0643611646818633, -5.853617621028712e-17, -5.853617621028712e-17, 1.0, -5.0, -3.718794962913677e-20, 1.0, -0.4355624865534717, -0.6989375728622861, 0.945554689180816, -4.5873671966077865, -0.21778124327673584, 0.650531213568857, -0.041852004246019245, -0.428775122441403, 0.8314325670116957, -4.315698480128532, -0.23870724539974544, 0.4361436523481555, 0.07586459095459167, -0.2286834063823565, 0.721562018181147, -4.126212079752249, -0.20077494992244962, 0.32180194915697724, -4.997087670875982e-18, -4.997087670875982e-18]
s_ref=[0.002230891378303221, 0.5151650400017274, 0.005190541660826663, 0.005190541660826663, 0.0017359687506397793, 1.5042687371676557, 0.004986428452241232, 0.005412013857308051, 0.0014208950970854314, 2.5006582771923065, 0.005235318410577346, 0.005146521809487641, 0.001203181839701205, 3.495152955974778, 0.005421523873624453, 0.004978377888711305, 0.005190541660826663, 0.005190541660826663, 0.0031212733187027586, 0.015165189415107787, 0.006064441183075815, 0.004536208383620965, 0.0036268755364004526, 0.009099619302239941, 0.0061640873270149025, 0.0044818968010215034, 0.00402687548188729, 0.0072937322590297254, 0.005985792525158212, 0.004581322466794732, 0.004278456261561686, 0.006594153244772514]
outer=4, rho_x=0.0027682574401999976, rho_s=0.0006920643600499994
x_ref=[-6.0, -1.0, 2.0, 2.6720838585540316e-31, 1.9981503678397294, 0.12363867151153794, -4.750231204020034, -0.9845451660610578, 2.9990751839198646, 0.06181933575576897, 1.9969178323536199, -0.14947632927462115, -3.001078883015899, -0.972320039342501, 3.9975341000966744, -0.012918828881541599, 1.9907672355700263, -0.10288467160064341, -0.7534659285213087, -0.9916400377333522, 4.992917717881688, -0.0643611646818633, -5.853617621028712e-17, -5.853617621028712e-17, 1.0, -5.0, -3.718794962913677e-20, 1.0, -0.4355624865534717, -0.6989375728622861, 0.945554689180816, -4.5873671966077865, -0.21778124327673584, 0.650531213568857, -0.041852004246019245, -0.428775122441403, 0.8314325670116957, -4.315698480128532, -0.23870724539974544, 0.4361436523481555, 0.07586459095459167, -0.2286834063823565, 0.721562018181147, -4.126212079752249, -0.20077494992244962, 0.32180194915697724, -4.997087670875982e-18, -4.997087670875982e-18]
s_ref=[0.002230891378303221, 0.5151650400017274, 0.005190541660826663, 0.005190541660826663, 0.0017359687506397793, 1.5042687371676557, 0.004986428452241232, 0.005412013857308051, 0.0014208950970854314, 2.5006582771923065, 0.005235318410577346, 0.005146521809487641, 0.001203181839701205, 3.495152955974778, 0.005421523873624453, 0.004978377888711305, 0.005190541660826663, 0.005190541660826663, 0.0031212733187027586, 0.015165189415107787, 0.006064441183075815, 0.004536208383620965, 0.0036268755364004526, 0.009099619302239941, 0.0061640873270149025, 0.0044818968010215034, 0.00402687548188729, 0.0072937322590297254, 0.005985792525158212, 0.004581322466794732, 0.004278456261561686, 0.006594153244772514]
outer=5, rho_x=0.0027682574401999976, rho_s=0.0006920643600499994
x_ref=[-6.0, -1.0, 2.0, 2.6720838585540316e-31, 1.9981503678397294, 0.12363867151153794, -4.750231204020034, -0.9845451660610578, 2.9990751839198646, 0.06181933575576897, 1.9969178323536199, -0.14947632927462115, -3.001078883015899, -0.972320039342501, 3.9975341000966744, -0.012918828881541599, 1.9907672355700263, -0.10288467160064341, -0.7534659285213087, -0.9916400377333522, 4.992917717881688, -0.0643611646818633, -5.853617621028712e-17, -5.853617621028712e-17, 1.0, -5.0, -3.718794962913677e-20, 1.0, -0.4355624865534717, -0.6989375728622861, 0.945554689180816, -4.5873671966077865, -0.21778124327673584, 0.650531213568857, -0.041852004246019245, -0.428775122441403, 0.8314325670116957, -4.315698480128532, -0.23870724539974544, 0.4361436523481555, 0.07586459095459167, -0.2286834063823565, 0.721562018181147, -4.126212079752249, -0.20077494992244962, 0.32180194915697724, -4.997087670875982e-18, -4.997087670875982e-18]
s_ref=[0.002230891378303221, 0.5151650400017274, 0.005190541660826663, 0.005190541660826663, 0.0017359687506397793, 1.5042687371676557, 0.004986428452241232, 0.005412013857308051, 0.0014208950970854314, 2.5006582771923065, 0.005235318410577346, 0.005146521809487641, 0.001203181839701205, 3.495152955974778, 0.005421523873624453, 0.004978377888711305, 0.005190541660826663, 0.005190541660826663, 0.0031212733187027586, 0.015165189415107787, 0.006064441183075815, 0.004536208383620965, 0.0036268755364004526, 0.009099619302239941, 0.0061640873270149025, 0.0044818968010215034, 0.00402687548188729, 0.0072937322590297254, 0.005985792525158212, 0.004581322466794732, 0.004278456261561686, 0.006594153244772514]
outer=6, rho_x=0.0027682574401999976, rho_s=0.0006920643600499994
x_ref=[-6.0, -1.0, 2.0, 2.6720838585540316e-31, 1.9981503678397294, 0.12363867151153794, -4.750231204020034, -0.9845451660610578, 2.9990751839198646, 0.06181933575576897, 1.9969178323536199, -0.14947632927462115, -3.001078883015899, -0.972320039342501, 3.9975341000966744, -0.012918828881541599, 1.9907672355700263, -0.10288467160064341, -0.7534659285213087, -0.9916400377333522, 4.992917717881688, -0.0643611646818633, -5.853617621028712e-17, -5.853617621028712e-17, 1.0, -5.0, -3.718794962913677e-20, 1.0, -0.4355624865534717, -0.6989375728622861, 0.945554689180816, -4.5873671966077865, -0.21778124327673584, 0.650531213568857, -0.041852004246019245, -0.428775122441403, 0.8314325670116957, -4.315698480128532, -0.23870724539974544, 0.4361436523481555, 0.07586459095459167, -0.2286834063823565, 0.721562018181147, -4.126212079752249, -0.20077494992244962, 0.32180194915697724, -4.997087670875982e-18, -4.997087670875982e-18]
s_ref=[0.002230891378303221, 0.5151650400017274, 0.005190541660826663, 0.005190541660826663, 0.0017359687506397793, 1.5042687371676557, 0.004986428452241232, 0.005412013857308051, 0.0014208950970854314, 2.5006582771923065, 0.005235318410577346, 0.005146521809487641, 0.001203181839701205, 3.495152955974778, 0.005421523873624453, 0.004978377888711305, 0.005190541660826663, 0.005190541660826663, 0.0031212733187027586, 0.015165189415107787, 0.006064441183075815, 0.004536208383620965, 0.0036268755364004526, 0.009099619302239941, 0.0061640873270149025, 0.0044818968010215034, 0.00402687548188729, 0.0072937322590297254, 0.005985792525158212, 0.004581322466794732, 0.004278456261561686, 0.006594153244772514]
outer=7, rho_x=0.0027682574401999976, rho_s=0.0006920643600499994
x_ref=[-6.0, -1.0, 2.0, 2.6720838585540316e-31, 1.9981503678397294, 0.12363867151153794, -4.750231204020034, -0.9845451660610578, 2.9990751839198646, 0.06181933575576897, 1.9969178323536199, -0.14947632927462115, -3.001078883015899, -0.972320039342501, 3.9975341000966744, -0.012918828881541599, 1.9907672355700263, -0.10288467160064341, -0.7534659285213087, -0.9916400377333522, 4.992917717881688, -0.0643611646818633, -5.853617621028712e-17, -5.853617621028712e-17, 1.0, -5.0, -3.718794962913677e-20, 1.0, -0.4355624865534717, -0.6989375728622861, 0.945554689180816, -4.5873671966077865, -0.21778124327673584, 0.650531213568857, -0.041852004246019245, -0.428775122441403, 0.8314325670116957, -4.315698480128532, -0.23870724539974544, 0.4361436523481555, 0.07586459095459167, -0.2286834063823565, 0.721562018181147, -4.126212079752249, -0.20077494992244962, 0.32180194915697724, -4.997087670875982e-18, -4.997087670875982e-18]
s_ref=[0.002230891378303221, 0.5151650400017274, 0.005190541660826663, 0.005190541660826663, 0.0017359687506397793, 1.5042687371676557, 0.004986428452241232, 0.005412013857308051, 0.0014208950970854314, 2.5006582771923065, 0.005235318410577346, 0.005146521809487641, 0.001203181839701205, 3.495152955974778, 0.005421523873624453, 0.004978377888711305, 0.005190541660826663, 0.005190541660826663, 0.0031212733187027586, 0.015165189415107787, 0.006064441183075815, 0.004536208383620965, 0.0036268755364004526, 0.009099619302239941, 0.0061640873270149025, 0.0044818968010215034, 0.00402687548188729, 0.0072937322590297254, 0.005985792525158212, 0.004581322466794732, 0.004278456261561686, 0.006594153244772514]
[inner]
outer=1, inner=1, total=1, rho_x=0.003954653485999997, rho_s=0.0009886633714999993
outer=1, inner=2, total=2, rho_x=0.003954653485999997, rho_s=0.0009886633714999993
outer=1, inner=3, total=3, rho_x=0.003954653485999997, rho_s=0.0009886633714999993
outer=1, inner=4, total=4, rho_x=0.003954653485999997, rho_s=0.0009886633714999993
outer=1, inner=5, total=5, rho_x=0.003954653485999997, rho_s=0.0009886633714999993
outer=1, inner=6, total=6, rho_x=0.003954653485999997, rho_s=0.0009886633714999993
outer=1, inner=7, total=7, rho_x=0.003954653485999997, rho_s=0.0009886633714999993
outer=1, inner=8, total=8, rho_x=0.003954653485999997, rho_s=0.0009886633714999993
outer=1, inner=9, total=9, rho_x=0.003954653485999997, rho_s=0.0009886633714999993
outer=1, inner=10, total=10, rho_x=0.003954653485999997, rho_s=0.0009886633714999993
outer=1, inner=11, total=11, rho_x=0.003954653485999997, rho_s=0.0009886633714999993
outer=2, inner=1, total=12, rho_x=0.0027682574401999976, rho_s=0.0006920643600499994
[updates]
outer=1, stability=stable, rho_x=0.003954653485999997->0.0027682574401999976, rho_s=0.0009886633714999993->0.0006920643600499994, res=70.3247117388778->1.3144168369772958e-9, avg_step=0.5284090909090909, min_step=0.0625, inner_used=11
outer=2, stability=neutral, rho_x=0.0027682574401999976->0.0027682574401999976, rho_s=0.0006920643600499994->0.0006920643600499994, res=0.006225516845885827->8.039436375680416e-7, avg_step=1.0, min_step=1.0, inner_used=1
outer=3, stability=neutral, rho_x=0.0027682574401999976->0.0027682574401999976, rho_s=0.0006920643600499994->0.0006920643600499994, res=6.482518386003228e-6->6.482518386003228e-6, avg_step=0.0, min_step=0.0, inner_used=0
outer=4, stability=neutral, rho_x=0.0027682574401999976->0.0027682574401999976, rho_s=0.0006920643600499994->0.0006920643600499994, res=6.482518386003228e-6->6.482518386003228e-6, avg_step=0.0, min_step=0.0, inner_used=0
outer=5, stability=neutral, rho_x=0.0027682574401999976->0.0027682574401999976, rho_s=0.0006920643600499994->0.0006920643600499994, res=6.482518386003228e-6->6.482518386003228e-6, avg_step=0.0, min_step=0.0, inner_used=0
outer=6, stability=neutral, rho_x=0.0027682574401999976->0.0027682574401999976, rho_s=0.0006920643600499994->0.0006920643600499994, res=6.482518386003228e-6->6.482518386003228e-6, avg_step=0.0, min_step=0.0, inner_used=0
outer=7, stability=neutral, rho_x=0.0027682574401999976->0.0027682574401999976, rho_s=0.0006920643600499994->0.0006920643600499994, res=6.482518386003228e-6->6.482518386003228e-6, avg_step=0.0, min_step=0.0, inner_used=0
