eps=0.0078125
outer_count=7, inner_count=13, update_count=7
[outer]
outer=1, rho_x=0.0027682574401999976, rho_s=0.0006920643600499994
x_ref=[-6.0, -1.0, 2.0, 2.6720838585540316e-31, 1.9981503678397294, 0.12363867151153794, -4.750231204020034, -0.9845451660610578, 2.9990751839198646, 0.06181933575576897, 1.9969178323536199, -0.14947632927462115, -3.001078883015899, -0.972320039342501, 3.9975341000966744, -0.012918828881541599, 1.9907672355700263, -0.10288467160064341, -0.7534659285213087, -0.9916400377333522, 4.992917717881688, -0.0643611646818633, -5.853617621028712e-17, -5.853617621028712e-17, 1.0, -5.0, -3.718794962913677e-20, 1.0, -0.4355624865534717, -0.6989375728622861, 0.945554689180816, -4.5873671966077865, -0.21778124327673584, 0.650531213568857, -0.041852004246019245, -0.428775122441403, 0.8314325670116957, -4.315698480128532, -0.23870724539974544, 0.4361436523481555, 0.07586459095459167, -0.2286834063823565, 0.721562018181147, -4.126212079752249, -0.20077494992244962, 0.32180194915697724, -4.997087670875982e-18, -4.997087670875982e-18]
s_ref=[1.0, 1.0, 1.0, 1.0, 1.0, 1.0, 1.0, 1.0, 1.0, 1.0, 1.0, 1.0, 1.0, 1.0, 1.0, 1.0, 1.0, 1.0, 1.0, 1.0, 1.0, 1.0, 1.0, 1.0, 1.0, 1.0, 1.0, 1.0, 1.0, 1.0, 1.0, 1.0]
outer=2, rho_x=0.0019377802081399981, rho_s=0.00048444505203499953
x_ref=[-6.0, -1.0, 2.0, 2.6847463424758068e-31, 1.999074629441421, 0.11917261007247384, -4.750115671319822, -0.9851034237409408, 2.9995373147207105, 0.05958630503623692, 1.9984578539358238, -0.15266162430686145, -3.000539782217489, -0.97439297426118, 3.9987662416886223, -0.016744507117193805, 1.9953769982688927, -0.1041381016352011, -0.7517345365895659, -0.9957824905241771, 4.996454740823069, -0.06881355793479435, -2.8738734819084975e-17, -2.8738734819084975e-17, 1.0, -5.0, 1.994910847153985e-26, 1.0, -0.43506496287494173, -0.7008798655896593, 0.9456168796406323, -4.587609983198708, -0.21753248143747086, 0.6495600672051705, -0.041510145946704796, -0.4291266015402507, 0.8316618706785588, -4.3164707747886535, -0.23828755441082328, 0.4349967664350451, 0.07600276059065512, -0.22868563215936932, 0.7220184385469791, -4.127558095591052, -0.2002861741154957, 0.32065395035536043, 2.5193625652791687e-17, 2.5193625652791687e-17]
s_ref=[0.001461132281949532, 0.5076966455838113, 0.002944078864928024, 0.002944078864928024, 0.0012135230042083203, 1.5021374750071355, 0.002845157329057796, 0.0030511386089107874, 0.0010559170372610996, 2.5003282122592587, 0.002973299866874623, 0.002915499602724238, 0.0009469063867972617, 3.4975713113422686, 0.003068509866647172, 0.002830507351447786, 0.002944078864928024, 0.002944078864928024, 0.0019066816389625887, 0.008032233394878125, 0.003382734826267122, 0.002616006493523094, 0.002160692009114554, 0.004911170846365312, 0.0034324354875903606, 0.0025889772315276973, 0.0023614915652761244, 0.003998757670907088, 0.003342635108980909, 0.0026389661747166135, 0.002487763963338539, 0.003646776775967834]
outer=3, rho_x=0.0019377802081399981, rho_s=0.00048444505203499953
x_ref=[-6.0, -1.0, 2.0, -2.1024239917038682e-33, 1.999074629441421, 0.11917261007247414, -4.750115671319822, -0.9851034237409407, 2.9995373147207105, 0.05958630503623707, 1.9984578539358238, -0.1526616243068621, -3.000539782217489, -0.97439297426118, 3.9987662416886223, -0.016744507117193972, 1.9953769982688927, -0.10413810163520085, -0.7517345365895659, -0.9957824905241771, 4.996454740823069, -0.06881355793479439, -2.8738734819084975e-17, -2.8738734819084975e-17, 1.0, -5.0, -9.296936980376444e-21, 1.0, -0.4348483448250927, -0.7017094983804077, 0.9456439568968633, -4.587713687297551, -0.21742417241254636, 0.6491452508097961, -0.041354139433475726, -0.4293115855099245, 0.8317626032614057, -4.316805010081394, -0.23810124212928424, 0.4344894580548339, 0.07606273007414752, -0.22867382596362965, 0.7222198234560321, -4.128144509299431, -0.20006987709221047, 0.32015254507301905, 2.5193625652791687e-17, 2.5193625652791687e-17]
s_ref=[0.0011157993751496273, 0.5076941007817332, 0.00259974429983487, 0.00259974429983487, 0.0008680610386709677, 1.5021377752191942, 0.002500744198999091, 0.0027068909901070432, 0.0007103785587540005, 2.5003285363131145, 0.0026289888352789854, 0.0025711421646318834, 0.0006013175534444815, 3.497571587087521, 0.0027242765433664884, 0.002486082730972872, 0.00259974429983487, 0.00259974429983487, 0.0015616081590399844, 0.007694178907127141, 0.0030385139107821668, 0.002271560679478125, 0.00181613164475459, 0.004566546798530364, 0.0030880602095122245, 0.0022446083374782246, 0.002017246163138032, 0.003653638383557034, 0.0029981379653086122, 0.0022946856546617856, 0.002143669625176179, 0.003301653874343089]
outer=4, rho_x=0.0019377802081399981, rho_s=0.00048444505203499953
x_ref=[-6.0, -1.0, 2.0, -2.1024239917038682e-33, 1.999074629441421, 0.11917261007247414, -4.750115671319822, -0.9851034237409407, 2.9995373147207105, 0.05958630503623707, 1.9984578539358238, -0.1526616243068621, -3.000539782217489, -0.97439297426118, 3.9987662416886223, -0.016744507117193972, 1.9953769982688927, -0.10413810163520085, -0.7517345365895659, -0.9957824905241771, 4.996454740823069, -0.06881355793479439, -2.8738734819084975e-17, -2.8738734819084975e-17, 1.0, -5.0, -9.296936980376444e-21, 1.0, -0.4348483448250927, -0.7017094983804077, 0.9456439568968633, -4.587713687297551, -0.21742417241254636, 0.6491452508097961, -0.041354139433475726, -0.4293115855099245, 0.8317626032614057, -4.316805010081394, -0.23810124212928424, 0.4344894580548339, 0.07606273007414752, -0.22867382596362965, 0.7222198234560321, -4.128144509299431, -0.20006987709221047, 0.32015254507301905, 2.5193625652791687e-17, 2.5193625652791687e-17]
s_ref=[0.0011157993751496273, 0.5076941007817332, 0.00259974429983487, 0.00259974429983487, 0.0008680610386709677, 1.5021377752191942, 0.002500744198999091, 0.0027068909901070432, 0.0007103785587540005, 2.5003285363131145, 0.0026289888352789854, 0.0025711421646318834, 0.0006013175534444815, 3.497571587087521, 0.0027242765433664884, 0.002486082730972872, 0.00259974429983487, 0.00259974429983487, 0.0015616081590399844, 0.007694178907127141, 0.0030385139107821668, 0.002271560679478125, 0.00181613164475459, 0.004566546798530364, 0.0030880602095122245, 0.0022446083374782246, 0.002017246163138032, 0.003653638383557034, 0.0029981379653086122, 0.0022946856546617856, 0.002143669625176179, 0.003301653874343089]
outer=5, rho_x=0.0019377802081399981, rho_s=0.00048444505203499953
x_ref=[-6.0, -1.0, 2.0, -2.1024239917038682e-33, 1.999074629441421, 0.11917261007247414, -4.750115671319822, -0.9851034237409407, 2.9995373147207105, 0.05958630503623707, 1.9984578539358238, -0.1526616243068621, -3.000539782217489, -0.97439297426118, 3.9987662416886223, -0.016744507117193972, 1.9953769982688927, -0.10413810163520085, -0.7517345365895659, -0.9957824905241771, 4.996454740823069, -0.06881355793479439, -2.8738734819084975e-17, -2.8738734819084975e-17, 1.0, -5.0, -9.296936980376444e-21, 1.0, -0.4348483448250927, -0.7017094983804077, 0.9456439568968633, -4.587713687297551, -0.21742417241254636, 0.6491452508097961, -0.041354139433475726, -0.4293115855099245, 0.8317626032614057, -4.316805010081394, -0.23810124212928424, 0.4344894580548339, 0.07606273007414752, -0.22867382596362965, 0.7222198234560321, -4.128144509299431, -0.20006987709221047, 0.32015254507301905, 2.5193625652791687e-17, 2.5193625652791687e-17]
s_ref=[0.0011157993751496273, 0.5076941007817332, 0.00259974429983487, 0.00259974429983487, 0.0008680610386709677, 1.5021377752191942, 0.002500744198999091, 0.0027068909901070432, 0.0007103785587540005, 2.5003285363131145, 0.0026289888352789854, 0.0025711421646318834, 0.0006013175534444815, 3.497571587087521, 0.0027242765433664884, 0.002486082730972872, 0.00259974429983487, 0.00259974429983487, 0.0015616081590399844, 0.007694178907127141, 0.0030385139107821668, 0.002271560679478125, 0.00181613164475459, 0.004566546798530364, 0.0030880602095122245, 0.0022446083374782246, 0.002017246163138032, 0.003653638383557034, 0.0029981379653086122, 0.0022946856546617856, 0.002143669625176179, 0.003301653874343089]
outer=6, rho_x=0.0019377802081399981, rho_s=0.00048444505203499953
x_ref=[-6.0, -1.0, 2.0, -2.1024239917038682e-33, 1.999074629441421, 0.11917261007247414, -4.750115671319822, -0.9851034237409407, 2.9995373147207105, 0.05958630503623707, 1.9984578539358238, -0.1526616243068621, -3.000539782217489, -0.97439297426118, 3.9987662416886223, -0.016744507117193972, 1.9953769982688927, -0.10413810163520085, -0.7517345365895659, -0.9957824905241771, 4.996454740823069, -0.06881355793479439, -2.8738734819084975e-17, -2.8738734819084975e-17, 1.0, -5.0, -9.296936980376444e-21, 1.0, -0.4348483448250927, -0.7017094983804077, 0.9456439568968633, -4.587713687297551, -0.21742417241254636, 0.6491452508097961, -0.041354139433475726, -0.4293115855099245, 0.8317626032614057, -4.316805010081394, -0.23810124212928424, 0.4344894580548339, 0.07606273007414752, -0.22867382596362965, 0.7222198234560321, -4.128144509299431, -0.20006987709221047, 0.32015254507301905, 2.5193625652791687e-17, 2.5193625652791687e-17]
s_ref=[0.0011157993751496273, 0.5076941007817332, 0.00259974429983487, 0.00259974429983487, 0.0008680610386709677, 1.5021377752191942, 0.002500744198999091, 0.0027068909901070432, 0.0007103785587540005, 2.5003285363131145, 0.0026289888352789854, 0.0025711421646318834, 0.0006013175534444815, 3.497571587087521, 0.0027242765433664884, 0.002486082730972872, 0.00259974429983487, 0.00259974429983487, 0.0015616081590399844, 0.007694178907127141, 0.0030385139107821668, 0.002271560679478125, 0.00181613164475459, 0.004566546798530364, 0.0030880602095122245, 0.0022446083374782246, 0.002017246163138032, 0.003653638383557034, 0.0029981379653086122, 0.0022946856546617856, 0.002143669625176179, 0.003301653874343089]
outer=7, rho_x=0.0019377802081399981, rho_s=0.00048444505203499953
x_ref=[-6.0, -1.0, 2.0, -2.1024239917038682e-33, 1.999074629441421, 0.11917261007247414, -4.750115671319822, -0.9851034237409407, 2.9995373147207105, 0.05958630503623707, 1.9984578539358238, -0.1526616243068621, -3.000539782217489, -0.97439297426118, 3.9987662416886223, -0.016744507117193972, 1.9953769982688927, -0.10413810163520085, -0.7517345365895659, -0.9957824905241771, 4.996454740823069, -0.06881355793479439, -2.8738734819084975e-17, -2.8738734819084975e-17, 1.0, -5.0, -9.296936980376444e-21, 1.0, -0.4348483448250927, -0.7017094983804077, 0.9456439568968633, -4.587713687297551, -0.21742417241254636, 0.6491452508097961, -0.041354139433475726, -0.4293115855099245, 0.8317626032614057, -4.316805010081394, -0.23810124212928424, 0.4344894580548339, 0.07606273007414752, -0.22867382596362965, 0.7222198234560321, -4.128144509299431, -0.20006987709221047, 0.32015254507301905, 2.5193625652791687e-17, 2.5193625652791687e-17]
s_ref=[0.0011157993751496273, 0.5076941007817332, 0.00259974429983487, 0.00259974429983487, 0.0008680610386709677, 1.5021377752191942, 0.002500744198999091, 0.0027068909901070432, 0.0007103785587540005, 2.5003285363131145, 0.0026289888352789854, 0.0025711421646318834, 0.0006013175534444815, 3.497571587087521, 0.0027242765433664884, 0.002486082730972872, 0.00259974429983487, 0.00259974429983487, 0.0015616081590399844, 0.007694178907127141, 0.0030385139107821668, 0.002271560679478125, 0.00181613164475459, 0.004566546798530364, 0.0030880602095122245, 0.0022446083374782246, 0.002017246163138032, 0.003653638383557034, 0.0029981379653086122, 0.0022946856546617856, 0.002143669625176179, 0.003301653874343089]
[inner]
outer=1, inner=1, total=1, rho_x=0.0027682574401999976, rho_s=0.0006920643600499994
outer=1, inner=2, total=2, rho_x=0.0027682574401999976, rho_s=0.0006920643600499994
outer=1, inner=3, total=3, rho_x=0.0027682574401999976, rho_s=0.0006920643600499994
outer=1, inner=4, total=4, rho_x=0.0027682574401999976, rho_s=0.0006920643600499994
outer=1, inner=5, total=5, rho_x=0.0027682574401999976, rho_s=0.0006920643600499994
outer=1, inner=6, total=6, rho_x=0.0027682574401999976, rho_s=0.0006920643600499994
outer=1, inner=7, total=7, rho_x=0.0027682574401999976, rho_s=0.0006920643600499994
outer=1, inner=8, total=8, rho_x=0.0027682574401999976, rho_s=0.0006920643600499994
outer=1, inner=9, total=9, rho_x=0.0027682574401999976, rho_s=0.0006920643600499994
outer=1, inner=10, total=10, rho_x=0.0027682574401999976, rho_s=0.0006920643600499994
outer=1, inner=11, total=11, rho_x=0.0027682574401999976, rho_s=0.0006920643600499994
outer=1, inner=12, total=12, rho_x=0.0027682574401999976, rho_s=0.0006920643600499994
outer=2, inner=1, total=13, rho_x=0.0019377802081399981, rho_s=0.00048444505203499953
[updates]
outer=1, stability=stable, rho_x=0.0027682574401999976->0.0019377802081399981, rho_s=0.0006920643600499994->0.00048444505203499953, res=70.401888954347->1.1140838364331423e-11, avg_step=0.5260416666666666, min_step=0.0625, inner_used=12
outer=2, stability=neutral, rho_x=0.0019377802081399981->0.0019377802081399981, rho_s=0.00048444505203499953->0.00048444505203499953, res=0.004366748443987066->3.9630415027913726e-7, avg_step=1.0, min_step=1.0, inner_used=1
outer=3, stability=neutral, rho_x=0.0019377802081399981->0.0019377802081399981, rho_s=0.00048444505203499953->0.00048444505203499953, res=2.963424707679088e-6->2.963424707679088e-6, avg_step=0.0, min_step=0.0, inner_used=0
outer=4, stability=neutral, rho_x=0.0019377802081399981->0.0019377802081399981, rho_s=0.00048444505203499953->0.00048444505203499953, res=2.963424707679088e-6->2.963424707679088e-6, avg_step=0.0, min_step=0.0, inner_used=0
outer=5, stability=neutral, rho_x=0.0019377802081399981->0.0019377802081399981, rho_s=0.00048444505203499953->0.00048444505203499953, res=2.963424707679088e-6->2.963424707679088e-6, avg_step=0.0, min_step=0.0, inner_used=0
outer=6, stability=neutral, rho_x=0.0019377802081399981->0.0019377802081399981, rho_s=0.00048444505203499953->0.00048444505203499953, res=2.963424707679088e-6->2.963424707679088e-6, avg_step=0.0, min_step=0.0, inner_used=0
outer=7, stability=neutral, rho_x=0.0019377802081399981->0.0019377802081399981, rho_s=0.00048444505203499953->0.00048444505203499953, res=2.963424707679088e-6->2.963424707679088e-6, avg_step=0.0, min_step=0.0, inner_used=0
