eps=0.25
outer_count=7, inner_count=13, update_count=7
[outer]
outer=1, rho_x=0.023529799999999993, rho_s=0.005882449999999998
x_ref=[-6.0, -1.0, 2.0, 1.8593145833721464e-32, 1.942907300445045, 0.30336448187328136, -4.75713658744437, -0.9620794397658399, 2.9714536502225224, 0.15168224093664068, 1.9053998291239052, -0.018274130337856912, -3.0332347836926203, -0.8885225855897516, 3.924153564784475, 0.14254517576771222, 1.7297308027227256, -0.05218180991912286, -0.854941650960042, -0.8237727239457859, 4.7890189661458376, 0.1164542708081508, -6.400106471362846e-18, -6.400106471362846e-18, 1.0, -5.0, 1.3102217743021777e-21, 1.0, -0.4710272277418951, -0.5629042384851355, 0.9411215965322631, -4.570363029810642, -0.23551361387094755, 0.7185478807574324, -0.06849717541314035, -0.3924151899607983, 0.8148026426701468, -4.260140988177025, -0.26976220157751774, 0.5223402857770332, 0.06419345790727247, -0.2229734574930409, 0.687945724119797, -4.0268425274751385, -0.23766547262388152, 0.41085355703051263, -2.373887136190595e-17, -2.373887136190595e-17]
s_ref=[1.0, 1.0, 1.0, 1.0, 1.0, 1.0, 1.0, 1.0, 1.0, 1.0, 1.0, 1.0, 1.0, 1.0, 1.0, 1.0, 1.0, 1.0, 1.0, 1.0, 1.0, 1.0, 1.0, 1.0, 1.0, 1.0, 1.0, 1.0, 1.0, 1.0, 1.0, 1.0]
outer=2, rho_x=0.016470859999999993, rho_s=0.004117714999999998
x_ref=[-6.0, -1.0, 2.0, 1.771855548836257e-32, 1.9709253526247046, 0.22900333072147805, -4.753634330921912, -0.9713745836598152, 2.9854626763123524, 0.11450166536073902, 1.9516823358638313, -0.07335337450323873, -3.0169427007827565, -0.9232929227923505, 3.9613038442442683, 0.07782497810911965, 1.858503296945997, -0.07327537949291553, -0.8039778665423727, -0.8935398561744051, 4.890555492717266, 0.04118728836266188, 3.008820711566396e-17, 3.008820711566396e-17, 1.0, -5.0, 1.7023236549818296e-24, 1.0, -0.4566639099059566, -0.6172482298163542, 0.9429170112617554, -4.577156028727044, -0.2283319549529783, 0.691375885091823, -0.05748047739718676, -0.40863814793668224, 0.821565974110618, -4.2825478546732185, -0.25707219365157175, 0.4870568111234818, 0.06923608078506785, -0.2266844314968529, 0.7016843873829656, -4.067355003048584, -0.2224541532590378, 0.37371459537505536, -1.5167697366955376e-17, -1.5167697366955376e-17]
s_ref=[0.03815810989627778, 0.6832097713002175, 0.08172832153403789, 0.08172832153403789, 0.03053082903678009, 1.565238003675654, 0.07663080320701626, 0.08754223466361084, 0.025647113692969885, 2.5109969179586655, 0.07819349032775792, 0.08559345057127991, 0.022367329796875456, 3.4269552013492834, 0.07981905092161373, 0.08372999007842111, 0.08172832153403789, 0.08172832153403789, 0.05177446500538314, 0.18490455949268111, 0.09418229329462677, 0.07215467699806585, 0.05833241519364421, 0.13501063603947677, 0.09601598782697199, 0.07110615872148551, 0.06370675562800346, 0.113569138569248, 0.09381558775408613, 0.07237295109081586, 0.06714807795345874, 0.10421904744763791]
outer=3, rho_x=0.011529601999999995, rho_s=0.0028824004999999987
x_ref=[-6.0, -1.0, 2.0, 1.349078895337375e-32, 1.9709253526247046, 0.2290033307214784, -4.753634330921912, -0.9713745836598152, 2.9854626763123524, 0.1145016653607392, 1.9516823358638313, -0.07335337450323891, -3.0169427007827565, -0.9232929227923505, 3.9613038442442683, 0.07782497810911976, 1.858503296945997, -0.07327537949291561, -0.8039778665423729, -0.8935398561744051, 4.890555492717267, 0.041187288362661945, 3.008820711566396e-17, 3.008820711566396e-17, 1.0, -5.0, -7.093015235661907e-23, 1.0, -0.4546564118718698, -0.6254817097248201, 0.9431679485160164, -4.578185213715602, -0.2273282059359349, 0.6872591451375899, -0.055763395684535824, -0.41136808341737024, 0.8225334210874818, -4.285976651573979, -0.2552099037782028, 0.4815751034289047, 0.0700067261629755, -0.22707057856439608, 0.7036793099687524, -4.073572922180077, -0.22020654069671505, 0.36803981414670667, -1.5167697366955376e-17, -1.5167697366955376e-17]
s_ref=[0.03536280528250611, 0.6830127875974861, 0.07916123058218216, 0.07916123058218216, 0.02770257086237648, 1.5653186146356153, 0.07403398766644247, 0.08500984150733898, 0.022799017626565145, 2.511083155958814, 0.07560571470728165, 0.0830493365437221, 0.019506481570982538, 3.4270302204914618, 0.07724074746034193, 0.0811747527582762, 0.07916123058218216, 0.07916123058218216, 0.04904362197169245, 0.18301576885755563, 0.09162739208863278, 0.06956965456151441, 0.055734442635960606, 0.13227810441086738, 0.0934141195495772, 0.06854517768088922, 0.061196540389724934, 0.1107100984668427, 0.09118141933971789, 0.06983596722208313, 0.06468075117892857, 0.10135844881474738]
outer=4, rho_x=0.011529601999999995, rho_s=0.0028824004999999987
x_ref=[-6.0, -1.0, 2.0, -3.420277186581535e-33, 1.9709253526247046, 0.22900333072147827, -4.753634330921912, -0.9713745836598152, 2.9854626763123524, 0.11450166536073914, 1.9516823358638313, -0.0733533745032389, -3.0169427007827565, -0.9232929227923504, 3.961303844244268, 0.0778249781091197, 1.858503296945997, -0.07327537949291567, -0.8039778665423731, -0.8935398561744051, 4.890555492717267, 0.04118728836266187, 3.008820711566396e-17, 3.008820711566396e-17, 1.0, -5.0, -7.093015235661907e-23, 1.0, -0.4544912657664681, -0.6262610939995981, 0.9431885917791915, -4.57828263674995, -0.22724563288323404, 0.6868694530002011, -0.055597688428656825, -0.41165406236705815, 0.8226160642839924, -4.286304668045732, -0.25504447709756245, 0.4810424218166719, 0.07007905875875892, -0.22708175732405944, 0.703853708080056, -4.074168676802904, -0.220004947718183, 0.36750154315464223, -1.5167697366955376e-17, -1.5167697366955376e-17]
s_ref=[0.03535711525489024, 0.6830127019182822, 0.07915620448593838, 0.07915620448593838, 0.02769679167694587, 1.565318622690976, 0.07402887280992525, 0.08500491929915788, 0.022793186442224223, 2.5110831594100467, 0.07560062681419684, 0.08304437921844396, 0.019500617781779667, 3.4270302221180073, 0.07723568785008635, 0.08116976212688255, 0.07915620448593838, 0.07915620448593838, 0.049038113465449645, 0.1830127053713929, 0.09161728021479232, 0.06956761112019273, 0.05573866501992404, 0.13222538858027222, 0.09339833982237028, 0.06854608654293128, 0.06120700032471815, 0.1106572443783039, 0.09116378715396445, 0.0698385055295485, 0.06469324757055891, 0.1013121927563873]
outer=5, rho_x=0.011529601999999995, rho_s=0.0028824004999999987
x_ref=[-6.0, -1.0, 2.0, 8.074893484072857e-34, 1.9709253526247046, 0.2290033307214783, -4.753634330921912, -0.9713745836598152, 2.9854626763123524, 0.11450166536073915, 1.9516823358638313, -0.07335337450323884, -3.0169427007827565, -0.9232929227923505, 3.9613038442442683, 0.07782497810911973, 1.858503296945997, -0.07327537949291561, -0.8039778665423729, -0.8935398561744051, 4.890555492717267, 0.041187288362661924, 3.008820711566396e-17, 3.008820711566396e-17, 1.0, -5.0, -6.519899604494263e-22, 1.0, -0.4544819708929182, -0.6263125539499583, 0.9431897536383852, -4.578289069243745, -0.2272409854464591, 0.6868437230250208, -0.05558638745605077, -0.411675050984365, 0.8226209624831493, -4.28632658910428, -0.2550341791744845, 0.4810061975328383, 0.0700838132716811, -0.22708055440892333, 0.7038643495548672, -4.074208559638976, -0.21999227253864392, 0.36746592032837666, -1.5167697366955376e-17, -1.5167697366955376e-17]
s_ref=[0.035357107147281484, 0.6830127018922272, 0.0791561975983026, 0.0791561975983026, 0.027696783410670413, 1.5653186226915403, 0.07402886575838943, 0.08500491260295828, 0.02279317808512396, 2.5110831594101435, 0.07560061981247493, 0.08304437245759255, 0.019500609368620993, 3.4270302221180313, 0.07723568090059447, 0.08116975530465553, 0.0791561975983026, 0.0791561975983026, 0.04903810568765575, 0.18301270189616942, 0.09161697477596348, 0.06956778142605462, 0.05573929567107319, 0.13222218351705342, 0.09339764881647179, 0.06854646088393757, 0.06120807141113401, 0.11065396557143327, 0.09116297576921394, 0.0698389852199582, 0.06469442206575926, 0.10130944656818351]
outer=6, rho_x=0.011529601999999995, rho_s=0.0028824004999999987
x_ref=[-6.0, -1.0, 2.0, 8.074893484072857e-34, 1.9709253526247046, 0.2290033307214783, -4.753634330921912, -0.9713745836598152, 2.9854626763123524, 0.11450166536073915, 1.9516823358638313, -0.07335337450323884, -3.0169427007827565, -0.9232929227923505, 3.9613038442442683, 0.07782497810911973, 1.858503296945997, -0.07327537949291561, -0.8039778665423729, -0.8935398561744051, 4.890555492717267, 0.041187288362661924, 3.008820711566396e-17, 3.008820711566396e-17, 1.0, -5.0, -6.519899604494263e-22, 1.0, -0.4544819708929182, -0.6263125539499583, 0.9431897536383852, -4.578289069243745, -0.2272409854464591, 0.6868437230250208, -0.05558638745605077, -0.411675050984365, 0.8226209624831493, -4.28632658910428, -0.2550341791744845, 0.4810061975328383, 0.0700838132716811, -0.22708055440892333, 0.7038643495548672, -4.074208559638976, -0.21999227253864392, 0.36746592032837666, -1.5167697366955376e-17, -1.5167697366955376e-17]
s_ref=[0.035357107147281484, 0.6830127018922272, 0.0791561975983026, 0.0791561975983026, 0.027696783410670413, 1.5653186226915403, 0.07402886575838943, 0.08500491260295828, 0.02279317808512396, 2.5110831594101435, 0.07560061981247493, 0.08304437245759255, 0.019500609368620993, 3.4270302221180313, 0.07723568090059447, 0.08116975530465553, 0.0791561975983026, 0.0791561975983026, 0.04903810568765575, 0.18301270189616942, 0.09161697477596348, 0.06956778142605462, 0.05573929567107319, 0.13222218351705342, 0.09339764881647179, 0.06854646088393757, 0.06120807141113401, 0.11065396557143327, 0.09116297576921394, 0.0698389852199582, 0.06469442206575926, 0.10130944656818351]
outer=7, rho_x=0.011529601999999995, rho_s=0.0028824004999999987
x_ref=[-6.0, -1.0, 2.0, 8.074893484072857e-34, 1.9709253526247046, 0.2290033307214783, -4.753634330921912, -0.9713745836598152, 2.9854626763123524, 0.11450166536073915, 1.9516823358638313, -0.07335337450323884, -3.0169427007827565, -0.9232929227923505, 3.9613038442442683, 0.07782497810911973, 1.858503296945997, -0.07327537949291561, -0.8039778665423729, -0.8935398561744051, 4.890555492717267, 0.041187288362661924, 3.008820711566396e-17, 3.008820711566396e-17, 1.0, -5.0, -6.519899604494263e-22, 1.0, -0.4544819708929182, -0.6263125539499583, 0.9431897536383852, -4.578289069243745, -0.2272409854464591, 0.6868437230250208, -0.05558638745605077, -0.411675050984365, 0.8226209624831493, -4.28632658910428, -0.2550341791744845, 0.4810061975328383, 0.0700838132716811, -0.22708055440892333, 0.7038643495548672, -4.074208559638976, -0.21999227253864392, 0.36746592032837666, -1.5167697366955376e-17, -1.5167697366955376e-17]
s_ref=[0.035357107147281484, 0.6830127018922272, 0.0791561975983026, 0.0791561975983026, 0.027696783410670413, 1.5653186226915403, 0.07402886575838943, 0.08500491260295828, 0.02279317808512396, 2.5110831594101435, 0.07560061981247493, 0.08304437245759255, 0.019500609368620993, 3.4270302221180313, 0.07723568090059447, 0.08116975530465553, 0.0791561975983026, 0.0791561975983026, 0.04903810568765575, 0.18301270189616942, 0.09161697477596348, 0.06956778142605462, 0.05573929567107319, 0.13222218351705342, 0.09339764881647179, 0.06854646088393757, 0.06120807141113401, 0.11065396557143327, 0.09116297576921394, 0.0698389852199582, 0.06469442206575926, 0.10130944656818351]
[inner]
outer=1, inner=1, total=1, rho_x=0.023529799999999993, rho_s=0.005882449999999998
outer=1, inner=2, total=2, rho_x=0.023529799999999993, rho_s=0.005882449999999998
outer=1, inner=3, total=3, rho_x=0.023529799999999993, rho_s=0.005882449999999998
outer=1, inner=4, total=4, rho_x=0.023529799999999993, rho_s=0.005882449999999998
outer=1, inner=5, total=5, rho_x=0.023529799999999993, rho_s=0.005882449999999998
outer=1, inner=6, total=6, rho_x=0.023529799999999993, rho_s=0.005882449999999998
outer=1, inner=7, total=7, rho_x=0.023529799999999993, rho_s=0.005882449999999998
outer=1, inner=8, total=8, rho_x=0.023529799999999993, rho_s=0.005882449999999998
outer=1, inner=9, total=9, rho_x=0.023529799999999993, rho_s=0.005882449999999998
outer=2, inner=1, total=10, rho_x=0.016470859999999993, rho_s=0.004117714999999998
outer=2, inner=2, total=11, rho_x=0.016470859999999993, rho_s=0.004117714999999998
outer=3, inner=1, total=12, rho_x=0.011529601999999995, rho_s=0.0028824004999999987
outer=4, inner=1, total=13, rho_x=0.011529601999999995, rho_s=0.0028824004999999987
[updates]
outer=1, stability=stable, rho_x=0.023529799999999993->0.016470859999999993, rho_s=0.005882449999999998->0.004117714999999998, res=68.28018545403786->5.974767070218811e-12, avg_step=0.5763888888888888, min_step=0.0625, inner_used=9
outer=2, stability=stable, rho_x=0.016470859999999993->0.011529601999999995, rho_s=0.004117714999999998->0.0028824004999999987, res=0.03552023619092519->2.3622974893749115e-10, avg_step=1.0, min_step=1.0, inner_used=2
outer=3, stability=neutral, rho_x=0.011529601999999995->0.011529601999999995, rho_s=0.0028824004999999987->0.0028824004999999987, res=0.007086407282576798->2.976057362950441e-7, avg_step=1.0, min_step=1.0, inner_used=1
outer=4, stability=neutral, rho_x=0.011529601999999995->0.011529601999999995, rho_s=0.0028824004999999987->0.0028824004999999987, res=1.6549687910072073e-5->1.3498482895688398e-9, avg_step=1.0, min_step=1.0, inner_used=1
outer=5, stability=neutral, rho_x=0.011529601999999995->0.011529601999999995, rho_s=0.0028824004999999987->0.0028824004999999987, res=1.1005515156311737e-6->1.1005515156311737e-6, avg_step=0.0, min_step=0.0, inner_used=0
outer=6, stability=neutral, rho_x=0.011529601999999995->0.011529601999999995, rho_s=0.0028824004999999987->0.0028824004999999987, res=1.1005515156311737e-6->1.1005515156311737e-6, avg_step=0.0, min_step=0.0, inner_used=0
outer=7, stability=neutral, rho_x=0.011529601999999995->0.011529601999999995, rho_s=0.0028824004999999987->0.0028824004999999987, res=1.1005515156311737e-6->1.1005515156311737e-6, avg_step=0.0, min_step=0.0, inner_used=0
