eps=0.0009765625
outer_count=7, inner_count=15, update_count=7
[outer]
outer=1, rho_x=0.000949512301988599, rho_s=0.00023737807549714974
x_ref=[-6.0, -1.0, 2.0, -4.539529752601134e-24, 1.9997685532498461, 0.11576931785776383, -4.7500289308437695, -0.9855288352677796, 2.999884276624923, 0.057884658928881914, 1.9996142640560237, -0.15508694921468272, -3.0001350095243047, -0.9759723744551739, 3.999691408652935, -0.019658815678459448, 1.9988430070324887, -0.10509335415882787, -0.7504339293187762, -0.9989384515642571, 4.9991129121691795, -0.07220549275787339, -6.427692038185713e-17, -6.427692038185713e-17, 1.0, -5.0, 2.3241173211752912e-21, 1.0, -0.4342946018240827, -0.7038629181830589, 0.9457131747719897, -4.587982864772882, -0.21714730091204135, 0.6480685409084705, -0.040967395578389035, -0.42972782138836624, 0.8320185998686703, -4.317664571992192, -0.23763099870123588, 0.43320463021428746, 0.07621517291709892, -0.22865848659332622, 0.7227299971326897, -4.129644567709215, -0.1995234122426864, 0.31887538691762435, 1.3281797608529166e-17, 1.3281797608529166e-17]
s_ref=[1.0, 1.0, 1.0, 1.0, 1.0, 1.0, 1.0, 1.0, 1.0, 1.0, 1.0, 1.0, 1.0, 1.0, 1.0, 1.0, 1.0, 1.0, 1.0, 1.0, 1.0, 1.0, 1.0, 1.0, 1.0, 1.0, 1.0, 1.0, 1.0, 1.0, 1.0, 1.0]
outer=2, rho_x=0.0017091221435794782, rho_s=0.00042728053589486954
x_ref=[-6.0, -1.0, 2.0, -2.328778762123505e-21, 1.9998842679429614, 0.115197532408971, -4.75001446650713, -0.9856003084488787, 2.9999421339714805, 0.0575987662044855, 1.9998071153982602, -0.15549426212329803, -3.000067510096607, -0.9762377081120481, 3.9998456916706107, -0.02014836485716352, 1.9994213999144423, -0.10525385529420456, -0.7502169892719968, -0.9994686224524054, 4.999556391627832, -0.0727752925042658, 1.0255758312139666e-16, 1.0255758312139666e-16, 1.0, -5.0, -1.219111955886168e-25, 1.0, -0.43424243561612913, -0.704069645148755, 0.9457196955479839, -4.5880087056435945, -0.21712121780806456, 0.6479651774256224, -0.040931149826359835, -0.42976527660597275, 0.8320426929156566, -4.317746776506531, -0.2375867927212445, 0.4330825391226361, 0.07622946053003374, -0.22865656605702742, 0.7227779791212885, -4.1297875777023405, -0.19947206245622762, 0.3187542560941224, 8.73417047246511e-18, 8.73417047246511e-18]
s_ref=[0.000258157036608219, 0.5009747775871706, 0.00044406082708285677, 0.00044406082708285677, 0.00022716493811259696, 1.5002675838653845, 0.0004320341639068998, 0.00045704727197005816, 0.00020744196810202053, 2.5000409870607436, 0.0004484886808935943, 0.0004397502641948264, 0.0001937891166727613, 3.49969590085187, 0.00046064337161219344, 0.0004290118249250327, 0.00044406082708285677, 0.00044406082708285677, 0.00031393975307771787, 0.0010929917185151996, 0.0004990954907749394, 0.00040293488689324724, 0.00034593407742138164, 0.0006912190940208973, 0.0005052583435307258, 0.0003995881451065705, 0.0003711885226007326, 0.0005760297814421171, 0.0004939363626427306, 0.00040588575106162054, 0.0003870561387173179, 0.0005318011836858345]
outer=3, rho_x=0.0017091221435794782, rho_s=0.00042728053589486954
x_ref=[-6.0, -1.0, 2.0, -7.093015390585856e-26, 1.9998842679429614, 0.11519753174558257, -4.75001446650713, -0.9856003085318021, 2.999942133971481, 0.05759876587279129, 1.9998071153982602, -0.1554942610698028, -3.000067510096607, -0.9762377082291319, 3.999845691670611, -0.020148364662110108, 1.9994213999144423, -0.10525385513004645, -0.7502169892719963, -0.9994686224514427, 4.999556391627832, -0.07277529222713333, 1.0255758312139666e-16, 1.0255758312139666e-16, 1.0, -5.0, -1.219111955886168e-25, 1.0, -0.4342159053131899, -0.7041701840312224, 0.9457230118358513, -4.588021273003903, -0.21710795265659494, 0.6479149079843889, -0.04091264676335216, -0.42978566189792994, 0.8320549546621347, -4.31778702674895, -0.23756427603827102, 0.4330220770354239, 0.07623674971313946, -0.22865612719934028, 0.7228024103571417, -4.129858004131155, -0.19944590118170127, 0.3186940134357537, 8.73417047246511e-18, 8.73417047246511e-18]
s_ref=[0.00013952871084849713, 0.5009746625522662, 0.0003254755484994738, 0.0003254755484994738, 0.00010853106768608175, 1.5002675967424526, 0.0003134455932376168, 0.0003384656268106344, 8.880481206291943e-5, 2.5000410009664726, 0.00032990463202309543, 0.0003211637975961395, 7.514979691843396e-5, 3.4996959126772813, 0.00034206274768755474, 0.00031042243759305096, 0.0003254755484994738, 0.0003254755484994738, 0.00019532258257990332, 0.0009746877369616522, 0.0003805222414733647, 0.00028434083559244577, 0.00022732930331970225, 0.0005726832660813639, 0.0003866840137031276, 0.00028099468096880593, 0.0002525922657670977, 0.00045745934255251236, 0.000375357942436964, 0.0002872946835386692, 0.0002684647628378139, 0.0004132209942720967]
outer=4, rho_x=0.0017091221435794782, rho_s=0.00042728053589486954
x_ref=[-6.0, -1.0, 2.0, -7.093015390585856e-26, 1.9998842679429614, 0.11519753174558257, -4.75001446650713, -0.9856003085318021, 2.999942133971481, 0.05759876587279129, 1.9998071153982602, -0.1554942610698028, -3.000067510096607, -0.9762377082291319, 3.999845691670611, -0.020148364662110108, 1.9994213999144423, -0.10525385513004645, -0.7502169892719963, -0.9994686224514427, 4.999556391627832, -0.07277529222713333, 1.0255758312139666e-16, 1.0255758312139666e-16, 1.0, -5.0, -1.219111955886168e-25, 1.0, -0.4342159053131899, -0.7041701840312224, 0.9457230118358513, -4.588021273003903, -0.21710795265659494, 0.6479149079843889, -0.04091264676335216, -0.42978566189792994, 0.8320549546621347, -4.31778702674895, -0.23756427603827102, 0.4330220770354239, 0.07623674971313946, -0.22865612719934028, 0.7228024103571417, -4.129858004131155, -0.19944590118170127, 0.3186940134357537, 8.73417047246511e-18, 8.73417047246511e-18]
s_ref=[0.00013952871084849713, 0.5009746625522662, 0.0003254755484994738, 0.0003254755484994738, 0.00010853106768608175, 1.5002675967424526, 0.0003134455932376168, 0.0003384656268106344, 8.880481206291943e-5, 2.5000410009664726, 0.00032990463202309543, 0.0003211637975961395, 7.514979691843396e-5, 3.4996959126772813, 0.00034206274768755474, 0.00031042243759305096, 0.0003254755484994738, 0.0003254755484994738, 0.00019532258257990332, 0.0009746877369616522, 0.0003805222414733647, 0.00028434083559244577, 0.00022732930331970225, 0.0005726832660813639, 0.0003866840137031276, 0.00028099468096880593, 0.0002525922657670977, 0.00045745934255251236, 0.000375357942436964, 0.0002872946835386692, 0.0002684647628378139, 0.0004132209942720967]
outer=5, rho_x=0.0017091221435794782, rho_s=0.00042728053589486954
x_ref=[-6.0, -1.0, 2.0, -7.093015390585856e-26, 1.9998842679429614, 0.11519753174558257, -4.75001446650713, -0.9856003085318021, 2.999942133971481, 0.05759876587279129, 1.9998071153982602, -0.1554942610698028, -3.000067510096607, -0.9762377082291319, 3.999845691670611, -0.020148364662110108, 1.9994213999144423, -0.10525385513004645, -0.7502169892719963, -0.9994686224514427, 4.999556391627832, -0.07277529222713333, 1.0255758312139666e-16, 1.0255758312139666e-16, 1.0, -5.0, -1.219111955886168e-25, 1.0, -0.4342159053131899, -0.7041701840312224, 0.9457230118358513, -4.588021273003903, -0.21710795265659494, 0.6479149079843889, -0.04091264676335216, -0.42978566189792994, 0.8320549546621347, -4.31778702674895, -0.23756427603827102, 0.4330220770354239, 0.07623674971313946, -0.22865612719934028, 0.7228024103571417, -4.129858004131155, -0.19944590118170127, 0.3186940134357537, 8.73417047246511e-18, 8.73417047246511e-18]
s_ref=[0.00013952871084849713, 0.5009746625522662, 0.0003254755484994738, 0.0003254755484994738, 0.00010853106768608175, 1.5002675967424526, 0.0003134455932376168, 0.0003384656268106344, 8.880481206291943e-5, 2.5000410009664726, 0.00032990463202309543, 0.0003211637975961395, 7.514979691843396e-5, 3.4996959126772813, 0.00034206274768755474, 0.00031042243759305096, 0.0003254755484994738, 0.0003254755484994738, 0.00019532258257990332, 0.0009746877369616522, 0.0003805222414733647, 0.00028434083559244577, 0.00022732930331970225, 0.0005726832660813639, 0.0003866840137031276, 0.00028099468096880593, 0.0002525922657670977, 0.00045745934255251236, 0.000375357942436964, 0.0002872946835386692, 0.0002684647628378139, 0.0004132209942720967]
outer=6, rho_x=0.0017091221435794782, rho_s=0.00042728053589486954
x_ref=[-6.0, -1.0, 2.0, -7.093015390585856e-26, 1.9998842679429614, 0.11519753174558257, -4.75001446650713, -0.9856003085318021, 2.999942133971481, 0.05759876587279129, 1.9998071153982602, -0.1554942610698028, -3.000067510096607, -0.9762377082291319, 3.999845691670611, -0.020148364662110108, 1.9994213999144423, -0.10525385513004645, -0.7502169892719963, -0.9994686224514427, 4.999556391627832, -0.07277529222713333, 1.0255758312139666e-16, 1.0255758312139666e-16, 1.0, -5.0, -1.219111955886168e-25, 1.0, -0.4342159053131899, -0.7041701840312224, 0.9457230118358513, -4.588021273003903, -0.21710795265659494, 0.6479149079843889, -0.04091264676335216, -0.42978566189792994, 0.8320549546621347, -4.31778702674895, -0.23756427603827102, 0.4330220770354239, 0.07623674971313946, -0.22865612719934028, 0.7228024103571417, -4.129858004131155, -0.19944590118170127, 0.3186940134357537, 8.73417047246511e-18, 8.73417047246511e-18]
s_ref=[0.00013952871084849713, 0.5009746625522662, 0.0003254755484994738, 0.0003254755484994738, 0.00010853106768608175, 1.5002675967424526, 0.0003134455932376168, 0.0003384656268106344, 8.880481206291943e-5, 2.5000410009664726, 0.00032990463202309543, 0.0003211637975961395, 7.514979691843396e-5, 3.4996959126772813, 0.00034206274768755474, 0.00031042243759305096, 0.0003254755484994738, 0.0003254755484994738, 0.00019532258257990332, 0.0009746877369616522, 0.0003805222414733647, 0.00028434083559244577, 0.00022732930331970225, 0.0005726832660813639, 0.0003866840137031276, 0.00028099468096880593, 0.0002525922657670977, 0.00045745934255251236, 0.000375357942436964, 0.0002872946835386692, 0.0002684647628378139, 0.0004132209942720967]
outer=7, rho_x=0.0017091221435794782, rho_s=0.00042728053589486954
x_ref=[-6.0, -1.0, 2.0, -7.093015390585856e-26, 1.9998842679429614, 0.11519753174558257, -4.75001446650713, -0.9856003085318021, 2.999942133971481, 0.05759876587279129, 1.9998071153982602, -0.1554942610698028, -3.000067510096607, -0.9762377082291319, 3.999845691670611, -0.020148364662110108, 1.9994213999144423, -0.10525385513004645, -0.7502169892719963, -0.9994686224514427, 4.999556391627832, -0.07277529222713333, 1.0255758312139666e-16, 1.0255758312139666e-16, 1.0, -5.0, -1.219111955886168e-25, 1.0, -0.4342159053131899, -0.7041701840312224, 0.9457230118358513, -4.588021273003903, -0.21710795265659494, 0.6479149079843889, -0.04091264676335216, -0.42978566189792994, 0.8320549546621347, -4.31778702674895, -0.23756427603827102, 0.4330220770354239, 0.07623674971313946, -0.22865612719934028, 0.7228024103571417, -4.129858004131155, -0.19944590118170127, 0.3186940134357537, 8.73417047246511e-18, 8.73417047246511e-18]
s_ref=[0.00013952871084849713, 0.5009746625522662, 0.0003254755484994738, 0.0003254755484994738, 0.00010853106768608175, 1.5002675967424526, 0.0003134455932376168, 0.0003384656268106344, 8.880481206291943e-5, 2.5000410009664726, 0.00032990463202309543, 0.0003211637975961395, 7.514979691843396e-5, 3.4996959126772813, 0.00034206274768755474, 0.00031042243759305096, 0.0003254755484994738, 0.0003254755484994738, 0.00019532258257990332, 0.0009746877369616522, 0.0003805222414733647, 0.00028434083559244577, 0.00022732930331970225, 0.0005726832660813639, 0.0003866840137031276, 0.00028099468096880593, 0.0002525922657670977, 0.00045745934255251236, 0.000375357942436964, 0.0002872946835386692, 0.0002684647628378139, 0.0004132209942720967]
[inner]
outer=1, inner=1, total=1, rho_x=0.000949512301988599, rho_s=0.00023737807549714974
outer=1, inner=2, total=2, rho_x=0.000949512301988599, rho_s=0.00023737807549714974
outer=1, inner=3, total=3, rho_x=0.000949512301988599, rho_s=0.00023737807549714974
outer=1, inner=4, total=4, rho_x=0.000949512301988599, rho_s=0.00023737807549714974
outer=1, inner=5, total=5, rho_x=0.000949512301988599, rho_s=0.00023737807549714974
outer=1, inner=6, total=6, rho_x=0.000949512301988599, rho_s=0.00023737807549714974
outer=1, inner=7, total=7, rho_x=0.000949512301988599, rho_s=0.00023737807549714974
outer=1, inner=8, total=8, rho_x=0.000949512301988599, rho_s=0.00023737807549714974
outer=1, inner=9, total=9, rho_x=0.000949512301988599, rho_s=0.00023737807549714974
outer=1, inner=10, total=10, rho_x=0.000949512301988599, rho_s=0.00023737807549714974
outer=1, inner=11, total=11, rho_x=0.000949512301988599, rho_s=0.00023737807549714974
outer=1, inner=12, total=12, rho_x=0.000949512301988599, rho_s=0.00023737807549714974
outer=1, inner=13, total=13, rho_x=0.000949512301988599, rho_s=0.00023737807549714974
outer=1, inner=14, total=14, rho_x=0.000949512301988599, rho_s=0.00023737807549714974
outer=2, inner=1, total=15, rho_x=0.0017091221435794782, rho_s=0.00042728053589486954
[updates]
outer=1, stability=unstable, rho_x=0.000949512301988599->0.0017091221435794782, rho_s=0.00023737807549714974->0.00042728053589486954, res=70.47024042513341->7.283315956511469e-9, avg_step=0.48660714285714285, min_step=0.0625, inner_used=14
outer=2, stability=neutral, rho_x=0.0017091221435794782->0.0017091221435794782, rho_s=0.00042728053589486954->0.00042728053589486954, res=0.0018117102709790701->9.067110362584651e-8, avg_step=1.0, min_step=1.0, inner_used=1
outer=3, stability=neutral, rho_x=0.0017091221435794782->0.0017091221435794782, rho_s=0.00042728053589486954->0.00042728053589486954, res=4.106196953807393e-7->4.106196953807393e-7, avg_step=0.0, min_step=0.0, inner_used=0
outer=4, stability=neutral, rho_x=0.0017091221435794782->0.0017091221435794782, rho_s=0.00042728053589486954->0.00042728053589486954, res=4.106196953807393e-7->4.106196953807393e-7, avg_step=0.0, min_step=0.0, inner_used=0
outer=5, stability=neutral, rho_x=0.0017091221435794782->0.0017091221435794782, rho_s=0.00042728053589486954->0.00042728053589486954, res=4.106196953807393e-7->4.106196953807393e-7, avg_step=0.0, min_step=0.0, inner_used=0
outer=6, stability=neutral, rho_x=0.0017091221435794782->0.0017091221435794782, rho_s=0.00042728053589486954->0.00042728053589486954, res=4.106196953807393e-7->4.106196953807393e-7, avg_step=0.0, min_step=0.0, inner_used=0
outer=7, stability=neutral, rho_x=0.0017091221435794782->0.0017091221435794782, rho_s=0.00042728053589486954->0.00042728053589486954, res=4.106196953807393e-7->4.106196953807393e-7, avg_step=0.0, min_step=0.0, inner_used=0
