file = solution_dict_instance_1_eps0.0625.jld2
outer trace entries = 1
inner trace entries = 10

[outer trace]
outer=1, ρx=0.01, ρs=0.0
x_ref=[-6.0, -1.0, 2.0, 1.7564078975909378e-23, 1.9853256751070663, 0.17879748683795704, -4.751834290611616, -0.9776503141452554, 2.992662837553533, 0.08939874341897852, 1.975577997998194, -0.10987403048382252, -3.0085556220850753, -0.9466851962462439, 3.9804518365526302, 0.03446172817706726, 1.9276064302531686, -0.08740325318204367, -0.7773789000271143, -0.9403797388054657, 4.944255051679215, -0.00923989841395458, -1.0722124588668766e-16, -1.0722124588668766e-16, 1.0, -5.0, -5.6744121715748725e-25, 1.0, -0.44583872584216505, -0.6589871749349029, 0.9442701592697293, -4.5823733968668625, -0.22291936292108253, 0.6705064125325486, -0.04929034879129773, -0.41983252391852693, 0.8266491842102758, -4.299599256090405, -0.2475645373167314, 0.4605901505732852, 0.0728096428534769, -0.22830896753071536, 0.7119681209085947, -4.0978428017451005, -0.21115971588999294, 0.34643566680792753, 8.962519773648941e-17, 8.962519773648941e-17]
s_ref=[1.0, 1.0, 1.0, 1.0, 1.0, 1.0, 1.0, 1.0, 1.0, 1.0, 1.0, 1.0, 1.0, 1.0, 1.0, 1.0, 1.0, 1.0, 1.0, 1.0, 1.0, 1.0, 1.0, 1.0, 1.0, 1.0, 1.0, 1.0, 1.0, 1.0, 1.0, 1.0]

[inner trace]
outer=1, inner=1, total=1, ρx=0.01, ρs=0.0
x_ref=[-6.0, -1.0, 2.0, 1.7564078975909378e-23, 1.9853256751070663, 0.17879748683795704, -4.751834290611616, -0.9776503141452554, 2.992662837553533, 0.08939874341897852, 1.975577997998194, -0.10987403048382252, -3.0085556220850753, -0.9466851962462439, 3.9804518365526302, 0.03446172817706726, 1.9276064302531686, -0.08740325318204367, -0.7773789000271143, -0.9403797388054657, 4.944255051679215, -0.00923989841395458, -1.0722124588668766e-16, -1.0722124588668766e-16, 1.0, -5.0, -5.6744121715748725e-25, 1.0, -0.44583872584216505, -0.6589871749349029, 0.9442701592697293, -4.5823733968668625, -0.22291936292108253, 0.6705064125325486, -0.04929034879129773, -0.41983252391852693, 0.8266491842102758, -4.299599256090405, -0.2475645373167314, 0.4605901505732852, 0.0728096428534769, -0.22830896753071536, 0.7119681209085947, -4.0978428017451005, -0.21115971588999294, 0.34643566680792753, 8.962519773648941e-17, 8.962519773648941e-17]
s_ref=[1.0, 1.0, 1.0, 1.0, 1.0, 1.0, 1.0, 1.0, 1.0, 1.0, 1.0, 1.0, 1.0, 1.0, 1.0, 1.0, 1.0, 1.0, 1.0, 1.0, 1.0, 1.0, 1.0, 1.0, 1.0, 1.0, 1.0, 1.0, 1.0, 1.0, 1.0, 1.0]
outer=1, inner=2, total=2, ρx=0.01, ρs=0.0
x_ref=[-6.0, -1.0, 2.0, 1.7564078975909378e-23, 1.9853256751070663, 0.17879748683795704, -4.751834290611616, -0.9776503141452554, 2.992662837553533, 0.08939874341897852, 1.975577997998194, -0.10987403048382252, -3.0085556220850753, -0.9466851962462439, 3.9804518365526302, 0.03446172817706726, 1.9276064302531686, -0.08740325318204367, -0.7773789000271143, -0.9403797388054657, 4.944255051679215, -0.00923989841395458, -1.0722124588668766e-16, -1.0722124588668766e-16, 1.0, -5.0, -5.6744121715748725e-25, 1.0, -0.44583872584216505, -0.6589871749349029, 0.9442701592697293, -4.5823733968668625, -0.22291936292108253, 0.6705064125325486, -0.04929034879129773, -0.41983252391852693, 0.8266491842102758, -4.299599256090405, -0.2475645373167314, 0.4605901505732852, 0.0728096428534769, -0.22830896753071536, 0.7119681209085947, -4.0978428017451005, -0.21115971588999294, 0.34643566680792753, 8.962519773648941e-17, 8.962519773648941e-17]
s_ref=[1.0, 1.0, 1.0, 1.0, 1.0, 1.0, 1.0, 1.0, 1.0, 1.0, 1.0, 1.0, 1.0, 1.0, 1.0, 1.0, 1.0, 1.0, 1.0, 1.0, 1.0, 1.0, 1.0, 1.0, 1.0, 1.0, 1.0, 1.0, 1.0, 1.0, 1.0, 1.0]
outer=1, inner=3, total=3, ρx=0.01, ρs=0.0
x_ref=[-6.0, -1.0, 2.0, 1.7564078975909378e-23, 1.9853256751070663, 0.17879748683795704, -4.751834290611616, -0.9776503141452554, 2.992662837553533, 0.08939874341897852, 1.975577997998194, -0.10987403048382252, -3.0085556220850753, -0.9466851962462439, 3.9804518365526302, 0.03446172817706726, 1.9276064302531686, -0.08740325318204367, -0.7773789000271143, -0.9403797388054657, 4.944255051679215, -0.00923989841395458, -1.0722124588668766e-16, -1.0722124588668766e-16, 1.0, -5.0, -5.6744121715748725e-25, 1.0, -0.44583872584216505, -0.6589871749349029, 0.9442701592697293, -4.5823733968668625, -0.22291936292108253, 0.6705064125325486, -0.04929034879129773, -0.41983252391852693, 0.8266491842102758, -4.299599256090405, -0.2475645373167314, 0.4605901505732852, 0.0728096428534769, -0.22830896753071536, 0.7119681209085947, -4.0978428017451005, -0.21115971588999294, 0.34643566680792753, 8.962519773648941e-17, 8.962519773648941e-17]
s_ref=[1.0, 1.0, 1.0, 1.0, 1.0, 1.0, 1.0, 1.0, 1.0, 1.0, 1.0, 1.0, 1.0, 1.0, 1.0, 1.0, 1.0, 1.0, 1.0, 1.0, 1.0, 1.0, 1.0, 1.0, 1.0, 1.0, 1.0, 1.0, 1.0, 1.0, 1.0, 1.0]
outer=1, inner=4, total=4, ρx=0.01, ρs=0.0
x_ref=[-6.0, -1.0, 2.0, 1.7564078975909378e-23, 1.9853256751070663, 0.17879748683795704, -4.751834290611616, -0.9776503141452554, 2.992662837553533, 0.08939874341897852, 1.975577997998194, -0.10987403048382252, -3.0085556220850753, -0.9466851962462439, 3.9804518365526302, 0.03446172817706726, 1.9276064302531686, -0.08740325318204367, -0.7773789000271143, -0.9403797388054657, 4.944255051679215, -0.00923989841395458, -1.0722124588668766e-16, -1.0722124588668766e-16, 1.0, -5.0, -5.6744121715748725e-25, 1.0, -0.44583872584216505, -0.6589871749349029, 0.9442701592697293, -4.5823733968668625, -0.22291936292108253, 0.6705064125325486, -0.04929034879129773, -0.41983252391852693, 0.8266491842102758, -4.299599256090405, -0.2475645373167314, 0.4605901505732852, 0.0728096428534769, -0.22830896753071536, 0.7119681209085947, -4.0978428017451005, -0.21115971588999294, 0.34643566680792753, 8.962519773648941e-17, 8.962519773648941e-17]
s_ref=[1.0, 1.0, 1.0, 1.0, 1.0, 1.0, 1.0, 1.0, 1.0, 1.0, 1.0, 1.0, 1.0, 1.0, 1.0, 1.0, 1.0, 1.0, 1.0, 1.0, 1.0, 1.0, 1.0, 1.0, 1.0, 1.0, 1.0, 1.0, 1.0, 1.0, 1.0, 1.0]
outer=1, inner=5, total=5, ρx=0.01, ρs=0.0
x_ref=[-6.0, -1.0, 2.0, 1.7564078975909378e-23, 1.9853256751070663, 0.17879748683795704, -4.751834290611616, -0.9776503141452554, 2.992662837553533, 0.08939874341897852, 1.975577997998194, -0.10987403048382252, -3.0085556220850753, -0.9466851962462439, 3.9804518365526302, 0.03446172817706726, 1.9276064302531686, -0.08740325318204367, -0.7773789000271143, -0.9403797388054657, 4.944255051679215, -0.00923989841395458, -1.0722124588668766e-16, -1.0722124588668766e-16, 1.0, -5.0, -5.6744121715748725e-25, 1.0, -0.44583872584216505, -0.6589871749349029, 0.9442701592697293, -4.5823733968668625, -0.22291936292108253, 0.6705064125325486, -0.04929034879129773, -0.41983252391852693, 0.8266491842102758, -4.299599256090405, -0.2475645373167314, 0.4605901505732852, 0.0728096428534769, -0.22830896753071536, 0.7119681209085947, -4.0978428017451005, -0.21115971588999294, 0.34643566680792753, 8.962519773648941e-17, 8.962519773648941e-17]
s_ref=[1.0, 1.0, 1.0, 1.0, 1.0, 1.0, 1.0, 1.0, 1.0, 1.0, 1.0, 1.0, 1.0, 1.0, 1.0, 1.0, 1.0, 1.0, 1.0, 1.0, 1.0, 1.0, 1.0, 1.0, 1.0, 1.0, 1.0, 1.0, 1.0, 1.0, 1.0, 1.0]
outer=1, inner=6, total=6, ρx=0.01, ρs=0.0
x_ref=[-6.0, -1.0, 2.0, 1.7564078975909378e-23, 1.9853256751070663, 0.17879748683795704, -4.751834290611616, -0.9776503141452554, 2.992662837553533, 0.08939874341897852, 1.975577997998194, -0.10987403048382252, -3.0085556220850753, -0.9466851962462439, 3.9804518365526302, 0.03446172817706726, 1.9276064302531686, -0.08740325318204367, -0.7773789000271143, -0.9403797388054657, 4.944255051679215, -0.00923989841395458, -1.0722124588668766e-16, -1.0722124588668766e-16, 1.0, -5.0, -5.6744121715748725e-25, 1.0, -0.44583872584216505, -0.6589871749349029, 0.9442701592697293, -4.5823733968668625, -0.22291936292108253, 0.6705064125325486, -0.04929034879129773, -0.41983252391852693, 0.8266491842102758, -4.299599256090405, -0.2475645373167314, 0.4605901505732852, 0.0728096428534769, -0.22830896753071536, 0.7119681209085947, -4.0978428017451005, -0.21115971588999294, 0.34643566680792753, 8.962519773648941e-17, 8.962519773648941e-17]
s_ref=[1.0, 1.0, 1.0, 1.0, 1.0, 1.0, 1.0, 1.0, 1.0, 1.0, 1.0, 1.0, 1.0, 1.0, 1.0, 1.0, 1.0, 1.0, 1.0, 1.0, 1.0, 1.0, 1.0, 1.0, 1.0, 1.0, 1.0, 1.0, 1.0, 1.0, 1.0, 1.0]
outer=1, inner=7, total=7, ρx=0.01, ρs=0.0
x_ref=[-6.0, -1.0, 2.0, 1.7564078975909378e-23, 1.9853256751070663, 0.17879748683795704, -4.751834290611616, -0.9776503141452554, 2.992662837553533, 0.08939874341897852, 1.975577997998194, -0.10987403048382252, -3.0085556220850753, -0.9466851962462439, 3.9804518365526302, 0.03446172817706726, 1.9276064302531686, -0.08740325318204367, -0.7773789000271143, -0.9403797388054657, 4.944255051679215, -0.00923989841395458, -1.0722124588668766e-16, -1.0722124588668766e-16, 1.0, -5.0, -5.6744121715748725e-25, 1.0, -0.44583872584216505, -0.6589871749349029, 0.9442701592697293, -4.5823733968668625, -0.22291936292108253, 0.6705064125325486, -0.04929034879129773, -0.41983252391852693, 0.8266491842102758, -4.299599256090405, -0.2475645373167314, 0.4605901505732852, 0.0728096428534769, -0.22830896753071536, 0.7119681209085947, -4.0978428017451005, -0.21115971588999294, 0.34643566680792753, 8.962519773648941e-17, 8.962519773648941e-17]
s_ref=[1.0, 1.0, 1.0, 1.0, 1.0, 1.0, 1.0, 1.0, 1.0, 1.0, 1.0, 1.0, 1.0, 1.0, 1.0, 1.0, 1.0, 1.0, 1.0, 1.0, 1.0, 1.0, 1.0, 1.0, 1.0, 1.0, 1.0, 1.0, 1.0, 1.0, 1.0, 1.0]
outer=1, inner=8, total=8, ρx=0.01, ρs=0.0
x_ref=[-6.0, -1.0, 2.0, 1.7564078975909378e-23, 1.9853256751070663, 0.17879748683795704, -4.751834290611616, -0.9776503141452554, 2.992662837553533, 0.08939874341897852, 1.975577997998194, -0.10987403048382252, -3.0085556220850753, -0.9466851962462439, 3.9804518365526302, 0.03446172817706726, 1.9276064302531686, -0.08740325318204367, -0.7773789000271143, -0.9403797388054657, 4.944255051679215, -0.00923989841395458, -1.0722124588668766e-16, -1.0722124588668766e-16, 1.0, -5.0, -5.6744121715748725e-25, 1.0, -0.44583872584216505, -0.6589871749349029, 0.9442701592697293, -4.5823733968668625, -0.22291936292108253, 0.6705064125325486, -0.04929034879129773, -0.41983252391852693, 0.8266491842102758, -4.299599256090405, -0.2475645373167314, 0.4605901505732852, 0.0728096428534769, -0.22830896753071536, 0.7119681209085947, -4.0978428017451005, -0.21115971588999294, 0.34643566680792753, 8.962519773648941e-17, 8.962519773648941e-17]
s_ref=[1.0, 1.0, 1.0, 1.0, 1.0, 1.0, 1.0, 1.0, 1.0, 1.0, 1.0, 1.0, 1.0, 1.0, 1.0, 1.0, 1.0, 1.0, 1.0, 1.0, 1.0, 1.0, 1.0, 1.0, 1.0, 1.0, 1.0, 1.0, 1.0, 1.0, 1.0, 1.0]
outer=1, inner=9, total=9, ρx=0.01, ρs=0.0
x_ref=[-6.0, -1.0, 2.0, 1.7564078975909378e-23, 1.9853256751070663, 0.17879748683795704, -4.751834290611616, -0.9776503141452554, 2.992662837553533, 0.08939874341897852, 1.975577997998194, -0.10987403048382252, -3.0085556220850753, -0.9466851962462439, 3.9804518365526302, 0.03446172817706726, 1.9276064302531686, -0.08740325318204367, -0.7773789000271143, -0.9403797388054657, 4.944255051679215, -0.00923989841395458, -1.0722124588668766e-16, -1.0722124588668766e-16, 1.0, -5.0, -5.6744121715748725e-25, 1.0, -0.44583872584216505, -0.6589871749349029, 0.9442701592697293, -4.5823733968668625, -0.22291936292108253, 0.6705064125325486, -0.04929034879129773, -0.41983252391852693, 0.8266491842102758, -4.299599256090405, -0.2475645373167314, 0.4605901505732852, 0.0728096428534769, -0.22830896753071536, 0.7119681209085947, -4.0978428017451005, -0.21115971588999294, 0.34643566680792753, 8.962519773648941e-17, 8.962519773648941e-17]
s_ref=[1.0, 1.0, 1.0, 1.0, 1.0, 1.0, 1.0, 1.0, 1.0, 1.0, 1.0, 1.0, 1.0, 1.0, 1.0, 1.0, 1.0, 1.0, 1.0, 1.0, 1.0, 1.0, 1.0, 1.0, 1.0, 1.0, 1.0, 1.0, 1.0, 1.0, 1.0, 1.0]
outer=1, inner=10, total=10, ρx=0.01, ρs=0.0
x_ref=[-6.0, -1.0, 2.0, 1.7564078975909378e-23, 1.9853256751070663, 0.17879748683795704, -4.751834290611616, -0.9776503141452554, 2.992662837553533, 0.08939874341897852, 1.975577997998194, -0.10987403048382252, -3.0085556220850753, -0.9466851962462439, 3.9804518365526302, 0.03446172817706726, 1.9276064302531686, -0.08740325318204367, -0.7773789000271143, -0.9403797388054657, 4.944255051679215, -0.00923989841395458, -1.0722124588668766e-16, -1.0722124588668766e-16, 1.0, -5.0, -5.6744121715748725e-25, 1.0, -0.44583872584216505, -0.6589871749349029, 0.9442701592697293, -4.5823733968668625, -0.22291936292108253, 0.6705064125325486, -0.04929034879129773, -0.41983252391852693, 0.8266491842102758, -4.299599256090405, -0.2475645373167314, 0.4605901505732852, 0.0728096428534769, -0.22830896753071536, 0.7119681209085947, -4.0978428017451005, -0.21115971588999294, 0.34643566680792753, 8.962519773648941e-17, 8.962519773648941e-17]
s_ref=[1.0, 1.0, 1.0, 1.0, 1.0, 1.0, 1.0, 1.0, 1.0, 1.0, 1.0, 1.0, 1.0, 1.0, 1.0, 1.0, 1.0, 1.0, 1.0, 1.0, 1.0, 1.0, 1.0, 1.0, 1.0, 1.0, 1.0, 1.0, 1.0, 1.0, 1.0, 1.0]

[rho updates]
outer=1, stability=neutral, ρx: 0.01 -> 0.01, ρs: 0.0 -> 0.0
residual: 69.86956769328339 -> 2.532861152371123e-9, avg_step=0.53125, min_step=0.0625
