file = solution_dict_instance_1_eps1.0.jld2
outer trace entries = 1
inner trace entries = 7

[outer trace]
outer=1, ρx=0.01, ρs=0.0
x_ref=[-6.0, -1.0, 2.0, 0.0, 0.0, 0.0, -5.0, -1.0, 2.0, 0.0, 0.0, 0.0, -4.0, -1.0, 2.0, 0.0, 0.0, 0.0, -3.0, -1.0, 2.0, 0.0, 0.0, 0.0, 1.0, -5.0, 0.0, 1.0, 0.0, 0.0, 1.0, -4.5, 0.0, 1.0, 0.0, 0.0, 1.0, -4.0, 0.0, 1.0, 0.0, 0.0, 1.0, -3.5, 0.0, 1.0, 0.0, 0.0]
s_ref=[1.0, 1.0, 1.0, 1.0, 1.0, 1.0, 1.0, 1.0, 1.0, 1.0, 1.0, 1.0, 1.0, 1.0, 1.0, 1.0, 1.0, 1.0, 1.0, 1.0, 1.0, 1.0, 1.0, 1.0, 1.0, 1.0, 1.0, 1.0, 1.0, 1.0, 1.0, 1.0]

[inner trace]
outer=1, inner=1, total=1, ρx=0.01, ρs=0.0
x_ref=[-6.0, -1.0, 2.0, 0.0, 0.0, 0.0, -5.0, -1.0, 2.0, 0.0, 0.0, 0.0, -4.0, -1.0, 2.0, 0.0, 0.0, 0.0, -3.0, -1.0, 2.0, 0.0, 0.0, 0.0, 1.0, -5.0, 0.0, 1.0, 0.0, 0.0, 1.0, -4.5, 0.0, 1.0, 0.0, 0.0, 1.0, -4.0, 0.0, 1.0, 0.0, 0.0, 1.0, -3.5, 0.0, 1.0, 0.0, 0.0]
s_ref=[1.0, 1.0, 1.0, 1.0, 1.0, 1.0, 1.0, 1.0, 1.0, 1.0, 1.0, 1.0, 1.0, 1.0, 1.0, 1.0, 1.0, 1.0, 1.0, 1.0, 1.0, 1.0, 1.0, 1.0, 1.0, 1.0, 1.0, 1.0, 1.0, 1.0, 1.0, 1.0]
outer=1, inner=2, total=2, ρx=0.01, ρs=0.0
x_ref=[-6.0, -1.0, 2.0, 0.0, 0.0, 0.0, -5.0, -1.0, 2.0, 0.0, 0.0, 0.0, -4.0, -1.0, 2.0, 0.0, 0.0, 0.0, -3.0, -1.0, 2.0, 0.0, 0.0, 0.0, 1.0, -5.0, 0.0, 1.0, 0.0, 0.0, 1.0, -4.5, 0.0, 1.0, 0.0, 0.0, 1.0, -4.0, 0.0, 1.0, 0.0, 0.0, 1.0, -3.5, 0.0, 1.0, 0.0, 0.0]
s_ref=[1.0, 1.0, 1.0, 1.0, 1.0, 1.0, 1.0, 1.0, 1.0, 1.0, 1.0, 1.0, 1.0, 1.0, 1.0, 1.0, 1.0, 1.0, 1.0, 1.0, 1.0, 1.0, 1.0, 1.0, 1.0, 1.0, 1.0, 1.0, 1.0, 1.0, 1.0, 1.0]
outer=1, inner=3, total=3, ρx=0.01, ρs=0.0
x_ref=[-6.0, -1.0, 2.0, 0.0, 0.0, 0.0, -5.0, -1.0, 2.0, 0.0, 0.0, 0.0, -4.0, -1.0, 2.0, 0.0, 0.0, 0.0, -3.0, -1.0, 2.0, 0.0, 0.0, 0.0, 1.0, -5.0, 0.0, 1.0, 0.0, 0.0, 1.0, -4.5, 0.0, 1.0, 0.0, 0.0, 1.0, -4.0, 0.0, 1.0, 0.0, 0.0, 1.0, -3.5, 0.0, 1.0, 0.0, 0.0]
s_ref=[1.0, 1.0, 1.0, 1.0, 1.0, 1.0, 1.0, 1.0, 1.0, 1.0, 1.0, 1.0, 1.0, 1.0, 1.0, 1.0, 1.0, 1.0, 1.0, 1.0, 1.0, 1.0, 1.0, 1.0, 1.0, 1.0, 1.0, 1.0, 1.0, 1.0, 1.0, 1.0]
outer=1, inner=4, total=4, ρx=0.01, ρs=0.0
x_ref=[-6.0, -1.0, 2.0, 0.0, 0.0, 0.0, -5.0, -1.0, 2.0, 0.0, 0.0, 0.0, -4.0, -1.0, 2.0, 0.0, 0.0, 0.0, -3.0, -1.0, 2.0, 0.0, 0.0, 0.0, 1.0, -5.0, 0.0, 1.0, 0.0, 0.0, 1.0, -4.5, 0.0, 1.0, 0.0, 0.0, 1.0, -4.0, 0.0, 1.0, 0.0, 0.0, 1.0, -3.5, 0.0, 1.0, 0.0, 0.0]
s_ref=[1.0, 1.0, 1.0, 1.0, 1.0, 1.0, 1.0, 1.0, 1.0, 1.0, 1.0, 1.0, 1.0, 1.0, 1.0, 1.0, 1.0, 1.0, 1.0, 1.0, 1.0, 1.0, 1.0, 1.0, 1.0, 1.0, 1.0, 1.0, 1.0, 1.0, 1.0, 1.0]
outer=1, inner=5, total=5, ρx=0.01, ρs=0.0
x_ref=[-6.0, -1.0, 2.0, 0.0, 0.0, 0.0, -5.0, -1.0, 2.0, 0.0, 0.0, 0.0, -4.0, -1.0, 2.0, 0.0, 0.0, 0.0, -3.0, -1.0, 2.0, 0.0, 0.0, 0.0, 1.0, -5.0, 0.0, 1.0, 0.0, 0.0, 1.0, -4.5, 0.0, 1.0, 0.0, 0.0, 1.0, -4.0, 0.0, 1.0, 0.0, 0.0, 1.0, -3.5, 0.0, 1.0, 0.0, 0.0]
s_ref=[1.0, 1.0, 1.0, 1.0, 1.0, 1.0, 1.0, 1.0, 1.0, 1.0, 1.0, 1.0, 1.0, 1.0, 1.0, 1.0, 1.0, 1.0, 1.0, 1.0, 1.0, 1.0, 1.0, 1.0, 1.0, 1.0, 1.0, 1.0, 1.0, 1.0, 1.0, 1.0]
outer=1, inner=6, total=6, ρx=0.01, ρs=0.0
x_ref=[-6.0, -1.0, 2.0, 0.0, 0.0, 0.0, -5.0, -1.0, 2.0, 0.0, 0.0, 0.0, -4.0, -1.0, 2.0, 0.0, 0.0, 0.0, -3.0, -1.0, 2.0, 0.0, 0.0, 0.0, 1.0, -5.0, 0.0, 1.0, 0.0, 0.0, 1.0, -4.5, 0.0, 1.0, 0.0, 0.0, 1.0, -4.0, 0.0, 1.0, 0.0, 0.0, 1.0, -3.5, 0.0, 1.0, 0.0, 0.0]
s_ref=[1.0, 1.0, 1.0, 1.0, 1.0, 1.0, 1.0, 1.0, 1.0, 1.0, 1.0, 1.0, 1.0, 1.0, 1.0, 1.0, 1.0, 1.0, 1.0, 1.0, 1.0, 1.0, 1.0, 1.0, 1.0, 1.0, 1.0, 1.0, 1.0, 1.0, 1.0, 1.0]
outer=1, inner=7, total=7, ρx=0.01, ρs=0.0
x_ref=[-6.0, -1.0, 2.0, 0.0, 0.0, 0.0, -5.0, -1.0, 2.0, 0.0, 0.0, 0.0, -4.0, -1.0, 2.0, 0.0, 0.0, 0.0, -3.0, -1.0, 2.0, 0.0, 0.0, 0.0, 1.0, -5.0, 0.0, 1.0, 0.0, 0.0, 1.0, -4.5, 0.0, 1.0, 0.0, 0.0, 1.0, -4.0, 0.0, 1.0, 0.0, 0.0, 1.0, -3.5, 0.0, 1.0, 0.0, 0.0]
s_ref=[1.0, 1.0, 1.0, 1.0, 1.0, 1.0, 1.0, 1.0, 1.0, 1.0, 1.0, 1.0, 1.0, 1.0, 1.0, 1.0, 1.0, 1.0, 1.0, 1.0, 1.0, 1.0, 1.0, 1.0, 1.0, 1.0, 1.0, 1.0, 1.0, 1.0, 1.0, 1.0]

[rho updates]
outer=1, stability=neutral, ρx: 0.01 -> 0.01, ρs: 0.0 -> 0.0
residual: 65.16133823057977 -> 4.051719158225562e-6, avg_step=0.5625, min_step=0.0625
