file = solution_dict_instance_1_eps0.00390625.jld2
outer trace entries = 1
inner trace entries = 12

[outer trace]
outer=1, ρx=0.01, ρs=0.0
x_ref=[-6.0, -1.0, 2.0, -5.940400262347232e-25, 1.999074629441421, 0.11917261007247373, -4.750115671319822, -0.9851034237409408, 2.9995373147207105, 0.05958630503623687, 1.9984578539358238, -0.15266162430686137, -3.000539782217489, -0.9743929742611801, 3.9987662416886223, -0.016744507117193823, 1.9953769982688927, -0.10413810163520121, -0.7517345365895659, -0.9957824905241771, 4.996454740823069, -0.06881355793479442, -4.1608422500530485e-17, -4.1608422500530485e-17, 1.0, -5.0, 2.2165685363861085e-27, 1.0, -0.4359075784248651, -0.6974205968818825, 0.9455115526968918, -4.5871775746102355, -0.21795378921243255, 0.6512897015590587, -0.04217196385433757, -0.4282577364480719, 0.8312631626088834, -4.315064940886715, -0.23903977113960131, 0.43716083333502276, 0.0757630705202732, -0.22883850439985615, 0.721213660854117, -4.125089337269186, -0.20115823587946471, 0.3227415811350947, -7.633780916692666e-18, -7.633780916692666e-18]
s_ref=[1.0, 1.0, 1.0, 1.0, 1.0, 1.0, 1.0, 1.0, 1.0, 1.0, 1.0, 1.0, 1.0, 1.0, 1.0, 1.0, 1.0, 1.0, 1.0, 1.0, 1.0, 1.0, 1.0, 1.0, 1.0, 1.0, 1.0, 1.0, 1.0, 1.0, 1.0, 1.0]

[inner trace]
outer=1, inner=1, total=1, ρx=0.01, ρs=0.0
x_ref=[-6.0, -1.0, 2.0, -5.940400262347232e-25, 1.999074629441421, 0.11917261007247373, -4.750115671319822, -0.9851034237409408, 2.9995373147207105, 0.05958630503623687, 1.9984578539358238, -0.15266162430686137, -3.000539782217489, -0.9743929742611801, 3.9987662416886223, -0.016744507117193823, 1.9953769982688927, -0.10413810163520121, -0.7517345365895659, -0.9957824905241771, 4.996454740823069, -0.06881355793479442, -4.1608422500530485e-17, -4.1608422500530485e-17, 1.0, -5.0, 2.2165685363861085e-27, 1.0, -0.4359075784248651, -0.6974205968818825, 0.9455115526968918, -4.5871775746102355, -0.21795378921243255, 0.6512897015590587, -0.04217196385433757, -0.4282577364480719, 0.8312631626088834, -4.315064940886715, -0.23903977113960131, 0.43716083333502276, 0.0757630705202732, -0.22883850439985615, 0.721213660854117, -4.125089337269186, -0.20115823587946471, 0.3227415811350947, -7.633780916692666e-18, -7.633780916692666e-18]
s_ref=[1.0, 1.0, 1.0, 1.0, 1.0, 1.0, 1.0, 1.0, 1.0, 1.0, 1.0, 1.0, 1.0, 1.0, 1.0, 1.0, 1.0, 1.0, 1.0, 1.0, 1.0, 1.0, 1.0, 1.0, 1.0, 1.0, 1.0, 1.0, 1.0, 1.0, 1.0, 1.0]
outer=1, inner=2, total=2, ρx=0.01, ρs=0.0
x_ref=[-6.0, -1.0, 2.0, -5.940400262347232e-25, 1.999074629441421, 0.11917261007247373, -4.750115671319822, -0.9851034237409408, 2.9995373147207105, 0.05958630503623687, 1.9984578539358238, -0.15266162430686137, -3.000539782217489, -0.9743929742611801, 3.9987662416886223, -0.016744507117193823, 1.9953769982688927, -0.10413810163520121, -0.7517345365895659, -0.9957824905241771, 4.996454740823069, -0.06881355793479442, -4.1608422500530485e-17, -4.1608422500530485e-17, 1.0, -5.0, 2.2165685363861085e-27, 1.0, -0.4359075784248651, -0.6974205968818825, 0.9455115526968918, -4.5871775746102355, -0.21795378921243255, 0.6512897015590587, -0.04217196385433757, -0.4282577364480719, 0.8312631626088834, -4.315064940886715, -0.23903977113960131, 0.43716083333502276, 0.0757630705202732, -0.22883850439985615, 0.721213660854117, -4.125089337269186, -0.20115823587946471, 0.3227415811350947, -7.633780916692666e-18, -7.633780916692666e-18]
s_ref=[1.0, 1.0, 1.0, 1.0, 1.0, 1.0, 1.0, 1.0, 1.0, 1.0, 1.0, 1.0, 1.0, 1.0, 1.0, 1.0, 1.0, 1.0, 1.0, 1.0, 1.0, 1.0, 1.0, 1.0, 1.0, 1.0, 1.0, 1.0, 1.0, 1.0, 1.0, 1.0]
outer=1, inner=3, total=3, ρx=0.01, ρs=0.0
x_ref=[-6.0, -1.0, 2.0, -5.940400262347232e-25, 1.999074629441421, 0.11917261007247373, -4.750115671319822, -0.9851034237409408, 2.9995373147207105, 0.05958630503623687, 1.9984578539358238, -0.15266162430686137, -3.000539782217489, -0.9743929742611801, 3.9987662416886223, -0.016744507117193823, 1.9953769982688927, -0.10413810163520121, -0.7517345365895659, -0.9957824905241771, 4.996454740823069, -0.06881355793479442, -4.1608422500530485e-17, -4.1608422500530485e-17, 1.0, -5.0, 2.2165685363861085e-27, 1.0, -0.4359075784248651, -0.6974205968818825, 0.9455115526968918, -4.5871775746102355, -0.21795378921243255, 0.6512897015590587, -0.04217196385433757, -0.4282577364480719, 0.8312631626088834, -4.315064940886715, -0.23903977113960131, 0.43716083333502276, 0.0757630705202732, -0.22883850439985615, 0.721213660854117, -4.125089337269186, -0.20115823587946471, 0.3227415811350947, -7.633780916692666e-18, -7.633780916692666e-18]
s_ref=[1.0, 1.0, 1.0, 1.0, 1.0, 1.0, 1.0, 1.0, 1.0, 1.0, 1.0, 1.0, 1.0, 1.0, 1.0, 1.0, 1.0, 1.0, 1.0, 1.0, 1.0, 1.0, 1.0, 1.0, 1.0, 1.0, 1.0, 1.0, 1.0, 1.0, 1.0, 1.0]
outer=1, inner=4, total=4, ρx=0.01, ρs=0.0
x_ref=[-6.0, -1.0, 2.0, -5.940400262347232e-25, 1.999074629441421, 0.11917261007247373, -4.750115671319822, -0.9851034237409408, 2.9995373147207105, 0.05958630503623687, 1.9984578539358238, -0.15266162430686137, -3.000539782217489, -0.9743929742611801, 3.9987662416886223, -0.016744507117193823, 1.9953769982688927, -0.10413810163520121, -0.7517345365895659, -0.9957824905241771, 4.996454740823069, -0.06881355793479442, -4.1608422500530485e-17, -4.1608422500530485e-17, 1.0, -5.0, 2.2165685363861085e-27, 1.0, -0.4359075784248651, -0.6974205968818825, 0.9455115526968918, -4.5871775746102355, -0.21795378921243255, 0.6512897015590587, -0.04217196385433757, -0.4282577364480719, 0.8312631626088834, -4.315064940886715, -0.23903977113960131, 0.43716083333502276, 0.0757630705202732, -0.22883850439985615, 0.721213660854117, -4.125089337269186, -0.20115823587946471, 0.3227415811350947, -7.633780916692666e-18, -7.633780916692666e-18]
s_ref=[1.0, 1.0, 1.0, 1.0, 1.0, 1.0, 1.0, 1.0, 1.0, 1.0, 1.0, 1.0, 1.0, 1.0, 1.0, 1.0, 1.0, 1.0, 1.0, 1.0, 1.0, 1.0, 1.0, 1.0, 1.0, 1.0, 1.0, 1.0, 1.0, 1.0, 1.0, 1.0]
outer=1, inner=5, total=5, ρx=0.01, ρs=0.0
x_ref=[-6.0, -1.0, 2.0, -5.940400262347232e-25, 1.999074629441421, 0.11917261007247373, -4.750115671319822, -0.9851034237409408, 2.9995373147207105, 0.05958630503623687, 1.9984578539358238, -0.15266162430686137, -3.000539782217489, -0.9743929742611801, 3.9987662416886223, -0.016744507117193823, 1.9953769982688927, -0.10413810163520121, -0.7517345365895659, -0.9957824905241771, 4.996454740823069, -0.06881355793479442, -4.1608422500530485e-17, -4.1608422500530485e-17, 1.0, -5.0, 2.2165685363861085e-27, 1.0, -0.4359075784248651, -0.6974205968818825, 0.9455115526968918, -4.5871775746102355, -0.21795378921243255, 0.6512897015590587, -0.04217196385433757, -0.4282577364480719, 0.8312631626088834, -4.315064940886715, -0.23903977113960131, 0.43716083333502276, 0.0757630705202732, -0.22883850439985615, 0.721213660854117, -4.125089337269186, -0.20115823587946471, 0.3227415811350947, -7.633780916692666e-18, -7.633780916692666e-18]
s_ref=[1.0, 1.0, 1.0, 1.0, 1.0, 1.0, 1.0, 1.0, 1.0, 1.0, 1.0, 1.0, 1.0, 1.0, 1.0, 1.0, 1.0, 1.0, 1.0, 1.0, 1.0, 1.0, 1.0, 1.0, 1.0, 1.0, 1.0, 1.0, 1.0, 1.0, 1.0, 1.0]
outer=1, inner=6, total=6, ρx=0.01, ρs=0.0
x_ref=[-6.0, -1.0, 2.0, -5.940400262347232e-25, 1.999074629441421, 0.11917261007247373, -4.750115671319822, -0.9851034237409408, 2.9995373147207105, 0.05958630503623687, 1.9984578539358238, -0.15266162430686137, -3.000539782217489, -0.9743929742611801, 3.9987662416886223, -0.016744507117193823, 1.9953769982688927, -0.10413810163520121, -0.7517345365895659, -0.9957824905241771, 4.996454740823069, -0.06881355793479442, -4.1608422500530485e-17, -4.1608422500530485e-17, 1.0, -5.0, 2.2165685363861085e-27, 1.0, -0.4359075784248651, -0.6974205968818825, 0.9455115526968918, -4.5871775746102355, -0.21795378921243255, 0.6512897015590587, -0.04217196385433757, -0.4282577364480719, 0.8312631626088834, -4.315064940886715, -0.23903977113960131, 0.43716083333502276, 0.0757630705202732, -0.22883850439985615, 0.721213660854117, -4.125089337269186, -0.20115823587946471, 0.3227415811350947, -7.633780916692666e-18, -7.633780916692666e-18]
s_ref=[1.0, 1.0, 1.0, 1.0, 1.0, 1.0, 1.0, 1.0, 1.0, 1.0, 1.0, 1.0, 1.0, 1.0, 1.0, 1.0, 1.0, 1.0, 1.0, 1.0, 1.0, 1.0, 1.0, 1.0, 1.0, 1.0, 1.0, 1.0, 1.0, 1.0, 1.0, 1.0]
outer=1, inner=7, total=7, ρx=0.01, ρs=0.0
x_ref=[-6.0, -1.0, 2.0, -5.940400262347232e-25, 1.999074629441421, 0.11917261007247373, -4.750115671319822, -0.9851034237409408, 2.9995373147207105, 0.05958630503623687, 1.9984578539358238, -0.15266162430686137, -3.000539782217489, -0.9743929742611801, 3.9987662416886223, -0.016744507117193823, 1.9953769982688927, -0.10413810163520121, -0.7517345365895659, -0.9957824905241771, 4.996454740823069, -0.06881355793479442, -4.1608422500530485e-17, -4.1608422500530485e-17, 1.0, -5.0, 2.2165685363861085e-27, 1.0, -0.4359075784248651, -0.6974205968818825, 0.9455115526968918, -4.5871775746102355, -0.21795378921243255, 0.6512897015590587, -0.04217196385433757, -0.4282577364480719, 0.8312631626088834, -4.315064940886715, -0.23903977113960131, 0.43716083333502276, 0.0757630705202732, -0.22883850439985615, 0.721213660854117, -4.125089337269186, -0.20115823587946471, 0.3227415811350947, -7.633780916692666e-18, -7.633780916692666e-18]
s_ref=[1.0, 1.0, 1.0, 1.0, 1.0, 1.0, 1.0, 1.0, 1.0, 1.0, 1.0, 1.0, 1.0, 1.0, 1.0, 1.0, 1.0, 1.0, 1.0, 1.0, 1.0, 1.0, 1.0, 1.0, 1.0, 1.0, 1.0, 1.0, 1.0, 1.0, 1.0, 1.0]
outer=1, inner=8, total=8, ρx=0.01, ρs=0.0
x_ref=[-6.0, -1.0, 2.0, -5.940400262347232e-25, 1.999074629441421, 0.11917261007247373, -4.750115671319822, -0.9851034237409408, 2.9995373147207105, 0.05958630503623687, 1.9984578539358238, -0.15266162430686137, -3.000539782217489, -0.9743929742611801, 3.9987662416886223, -0.016744507117193823, 1.9953769982688927, -0.10413810163520121, -0.7517345365895659, -0.9957824905241771, 4.996454740823069, -0.06881355793479442, -4.1608422500530485e-17, -4.1608422500530485e-17, 1.0, -5.0, 2.2165685363861085e-27, 1.0, -0.4359075784248651, -0.6974205968818825, 0.9455115526968918, -4.5871775746102355, -0.21795378921243255, 0.6512897015590587, -0.04217196385433757, -0.4282577364480719, 0.8312631626088834, -4.315064940886715, -0.23903977113960131, 0.43716083333502276, 0.0757630705202732, -0.22883850439985615, 0.721213660854117, -4.125089337269186, -0.20115823587946471, 0.3227415811350947, -7.633780916692666e-18, -7.633780916692666e-18]
s_ref=[1.0, 1.0, 1.0, 1.0, 1.0, 1.0, 1.0, 1.0, 1.0, 1.0, 1.0, 1.0, 1.0, 1.0, 1.0, 1.0, 1.0, 1.0, 1.0, 1.0, 1.0, 1.0, 1.0, 1.0, 1.0, 1.0, 1.0, 1.0, 1.0, 1.0, 1.0, 1.0]
outer=1, inner=9, total=9, ρx=0.01, ρs=0.0
x_ref=[-6.0, -1.0, 2.0, -5.940400262347232e-25, 1.999074629441421, 0.11917261007247373, -4.750115671319822, -0.9851034237409408, 2.9995373147207105, 0.05958630503623687, 1.9984578539358238, -0.15266162430686137, -3.000539782217489, -0.9743929742611801, 3.9987662416886223, -0.016744507117193823, 1.9953769982688927, -0.10413810163520121, -0.7517345365895659, -0.9957824905241771, 4.996454740823069, -0.06881355793479442, -4.1608422500530485e-17, -4.1608422500530485e-17, 1.0, -5.0, 2.2165685363861085e-27, 1.0, -0.4359075784248651, -0.6974205968818825, 0.9455115526968918, -4.5871775746102355, -0.21795378921243255, 0.6512897015590587, -0.04217196385433757, -0.4282577364480719, 0.8312631626088834, -4.315064940886715, -0.23903977113960131, 0.43716083333502276, 0.0757630705202732, -0.22883850439985615, 0.721213660854117, -4.125089337269186, -0.20115823587946471, 0.3227415811350947, -7.633780916692666e-18, -7.633780916692666e-18]
s_ref=[1.0, 1.0, 1.0, 1.0, 1.0, 1.0, 1.0, 1.0, 1.0, 1.0, 1.0, 1.0, 1.0, 1.0, 1.0, 1.0, 1.0, 1.0, 1.0, 1.0, 1.0, 1.0, 1.0, 1.0, 1.0, 1.0, 1.0, 1.0, 1.0, 1.0, 1.0, 1.0]
outer=1, inner=10, total=10, ρx=0.01, ρs=0.0
x_ref=[-6.0, -1.0, 2.0, -5.940400262347232e-25, 1.999074629441421, 0.11917261007247373, -4.750115671319822, -0.9851034237409408, 2.9995373147207105, 0.05958630503623687, 1.9984578539358238, -0.15266162430686137, -3.000539782217489, -0.9743929742611801, 3.9987662416886223, -0.016744507117193823, 1.9953769982688927, -0.10413810163520121, -0.7517345365895659, -0.9957824905241771, 4.996454740823069, -0.06881355793479442, -4.1608422500530485e-17, -4.1608422500530485e-17, 1.0, -5.0, 2.2165685363861085e-27, 1.0, -0.4359075784248651, -0.6974205968818825, 0.9455115526968918, -4.5871775746102355, -0.21795378921243255, 0.6512897015590587, -0.04217196385433757, -0.4282577364480719, 0.8312631626088834, -4.315064940886715, -0.23903977113960131, 0.43716083333502276, 0.0757630705202732, -0.22883850439985615, 0.721213660854117, -4.125089337269186, -0.20115823587946471, 0.3227415811350947, -7.633780916692666e-18, -7.633780916692666e-18]
s_ref=[1.0, 1.0, 1.0, 1.0, 1.0, 1.0, 1.0, 1.0, 1.0, 1.0, 1.0, 1.0, 1.0, 1.0, 1.0, 1.0, 1.0, 1.0, 1.0, 1.0, 1.0, 1.0, 1.0, 1.0, 1.0, 1.0, 1.0, 1.0, 1.0, 1.0, 1.0, 1.0]
outer=1, inner=11, total=11, ρx=0.01, ρs=0.0
x_ref=[-6.0, -1.0, 2.0, -5.940400262347232e-25, 1.999074629441421, 0.11917261007247373, -4.750115671319822, -0.9851034237409408, 2.9995373147207105, 0.05958630503623687, 1.9984578539358238, -0.15266162430686137, -3.000539782217489, -0.9743929742611801, 3.9987662416886223, -0.016744507117193823, 1.9953769982688927, -0.10413810163520121, -0.7517345365895659, -0.9957824905241771, 4.996454740823069, -0.06881355793479442, -4.1608422500530485e-17, -4.1608422500530485e-17, 1.0, -5.0, 2.2165685363861085e-27, 1.0, -0.4359075784248651, -0.6974205968818825, 0.9455115526968918, -4.5871775746102355, -0.21795378921243255, 0.6512897015590587, -0.04217196385433757, -0.4282577364480719, 0.8312631626088834, -4.315064940886715, -0.23903977113960131, 0.43716083333502276, 0.0757630705202732, -0.22883850439985615, 0.721213660854117, -4.125089337269186, -0.20115823587946471, 0.3227415811350947, -7.633780916692666e-18, -7.633780916692666e-18]
s_ref=[1.0, 1.0, 1.0, 1.0, 1.0, 1.0, 1.0, 1.0, 1.0, 1.0, 1.0, 1.0, 1.0, 1.0, 1.0, 1.0, 1.0, 1.0, 1.0, 1.0, 1.0, 1.0, 1.0, 1.0, 1.0, 1.0, 1.0, 1.0, 1.0, 1.0, 1.0, 1.0]
outer=1, inner=12, total=12, ρx=0.01, ρs=0.0
x_ref=[-6.0, -1.0, 2.0, -5.940400262347232e-25, 1.999074629441421, 0.11917261007247373, -4.750115671319822, -0.9851034237409408, 2.9995373147207105, 0.05958630503623687, 1.9984578539358238, -0.15266162430686137, -3.000539782217489, -0.9743929742611801, 3.9987662416886223, -0.016744507117193823, 1.9953769982688927, -0.10413810163520121, -0.7517345365895659, -0.9957824905241771, 4.996454740823069, -0.06881355793479442, -4.1608422500530485e-17, -4.1608422500530485e-17, 1.0, -5.0, 2.2165685363861085e-27, 1.0, -0.4359075784248651, -0.6974205968818825, 0.9455115526968918, -4.5871775746102355, -0.21795378921243255, 0.6512897015590587, -0.04217196385433757, -0.4282577364480719, 0.8312631626088834, -4.315064940886715, -0.23903977113960131, 0.43716083333502276, 0.0757630705202732, -0.22883850439985615, 0.721213660854117, -4.125089337269186, -0.20115823587946471, 0.3227415811350947, -7.633780916692666e-18, -7.633780916692666e-18]
s_ref=[1.0, 1.0, 1.0, 1.0, 1.0, 1.0, 1.0, 1.0, 1.0, 1.0, 1.0, 1.0, 1.0, 1.0, 1.0, 1.0, 1.0, 1.0, 1.0, 1.0, 1.0, 1.0, 1.0, 1.0, 1.0, 1.0, 1.0, 1.0, 1.0, 1.0, 1.0, 1.0]

[rho updates]
outer=1, stability=neutral, ρx: 0.01 -> 0.01, ρs: 0.0 -> 0.0
residual: 70.43700288474798 -> 4.9106088734136606e-11, avg_step=0.5260416666666666, min_step=0.0625
