file = solution_dict_instance_1_eps0.25.jld2
outer trace entries = 1
inner trace entries = 9

[outer trace]
outer=1, ρx=0.01, ρs=0.0
x_ref=[-6.0, -1.0, 2.0, 5.408424107885903e-25, 1.942907300445045, 0.30336448187328136, -4.757136587444369, -0.9620794397658398, 2.9714536502225224, 0.15168224093664068, 1.9053998291239052, -0.018274130337857443, -3.0332347836926195, -0.8885225855897516, 3.924153564784475, 0.14254517576771197, 1.7297308027227256, -0.052181809919122614, -0.8549416509600413, -0.823772723945786, 4.789018966145838, 0.11645427080815067, -6.400106471362846e-18, -6.400106471362846e-18, 1.0, -5.0, 1.3481509610710651e-33, 1.0, -0.47149203897310316, -0.5592510987158358, 0.9410634951283621, -4.569906387339479, -0.23574601948655158, 0.720374450642082, -0.06914613102491533, -0.3908757475092272, 0.8145472190069718, -4.258578630457092, -0.27031908499900925, 0.5249365768874684, 0.0638080859034788, -0.22257053106101024, 0.6873636872454021, -4.023931658395984, -0.23841504204726985, 0.4136513113569633, -1.9698909921498024e-17, -1.9698909921498024e-17]
s_ref=[1.0, 1.0, 1.0, 1.0, 1.0, 1.0, 1.0, 1.0, 1.0, 1.0, 1.0, 1.0, 1.0, 1.0, 1.0, 1.0, 1.0, 1.0, 1.0, 1.0, 1.0, 1.0, 1.0, 1.0, 1.0, 1.0, 1.0, 1.0, 1.0, 1.0, 1.0, 1.0]

[inner trace]
outer=1, inner=1, total=1, ρx=0.01, ρs=0.0
x_ref=[-6.0, -1.0, 2.0, 5.408424107885903e-25, 1.942907300445045, 0.30336448187328136, -4.757136587444369, -0.9620794397658398, 2.9714536502225224, 0.15168224093664068, 1.9053998291239052, -0.018274130337857443, -3.0332347836926195, -0.8885225855897516, 3.924153564784475, 0.14254517576771197, 1.7297308027227256, -0.052181809919122614, -0.8549416509600413, -0.823772723945786, 4.789018966145838, 0.11645427080815067, -6.400106471362846e-18, -6.400106471362846e-18, 1.0, -5.0, 1.3481509610710651e-33, 1.0, -0.47149203897310316, -0.5592510987158358, 0.9410634951283621, -4.569906387339479, -0.23574601948655158, 0.720374450642082, -0.06914613102491533, -0.3908757475092272, 0.8145472190069718, -4.258578630457092, -0.27031908499900925, 0.5249365768874684, 0.0638080859034788, -0.22257053106101024, 0.6873636872454021, -4.023931658395984, -0.23841504204726985, 0.4136513113569633, -1.9698909921498024e-17, -1.9698909921498024e-17]
s_ref=[1.0, 1.0, 1.0, 1.0, 1.0, 1.0, 1.0, 1.0, 1.0, 1.0, 1.0, 1.0, 1.0, 1.0, 1.0, 1.0, 1.0, 1.0, 1.0, 1.0, 1.0, 1.0, 1.0, 1.0, 1.0, 1.0, 1.0, 1.0, 1.0, 1.0, 1.0, 1.0]
outer=1, inner=2, total=2, ρx=0.01, ρs=0.0
x_ref=[-6.0, -1.0, 2.0, 5.408424107885903e-25, 1.942907300445045, 0.30336448187328136, -4.757136587444369, -0.9620794397658398, 2.9714536502225224, 0.15168224093664068, 1.9053998291239052, -0.018274130337857443, -3.0332347836926195, -0.8885225855897516, 3.924153564784475, 0.14254517576771197, 1.7297308027227256, -0.052181809919122614, -0.8549416509600413, -0.823772723945786, 4.789018966145838, 0.11645427080815067, -6.400106471362846e-18, -6.400106471362846e-18, 1.0, -5.0, 1.3481509610710651e-33, 1.0, -0.47149203897310316, -0.5592510987158358, 0.9410634951283621, -4.569906387339479, -0.23574601948655158, 0.720374450642082, -0.06914613102491533, -0.3908757475092272, 0.8145472190069718, -4.258578630457092, -0.27031908499900925, 0.5249365768874684, 0.0638080859034788, -0.22257053106101024, 0.6873636872454021, -4.023931658395984, -0.23841504204726985, 0.4136513113569633, -1.9698909921498024e-17, -1.9698909921498024e-17]
s_ref=[1.0, 1.0, 1.0, 1.0, 1.0, 1.0, 1.0, 1.0, 1.0, 1.0, 1.0, 1.0, 1.0, 1.0, 1.0, 1.0, 1.0, 1.0, 1.0, 1.0, 1.0, 1.0, 1.0, 1.0, 1.0, 1.0, 1.0, 1.0, 1.0, 1.0, 1.0, 1.0]
outer=1, inner=3, total=3, ρx=0.01, ρs=0.0
x_ref=[-6.0, -1.0, 2.0, 5.408424107885903e-25, 1.942907300445045, 0.30336448187328136, -4.757136587444369, -0.9620794397658398, 2.9714536502225224, 0.15168224093664068, 1.9053998291239052, -0.018274130337857443, -3.0332347836926195, -0.8885225855897516, 3.924153564784475, 0.14254517576771197, 1.7297308027227256, -0.052181809919122614, -0.8549416509600413, -0.823772723945786, 4.789018966145838, 0.11645427080815067, -6.400106471362846e-18, -6.400106471362846e-18, 1.0, -5.0, 1.3481509610710651e-33, 1.0, -0.47149203897310316, -0.5592510987158358, 0.9410634951283621, -4.569906387339479, -0.23574601948655158, 0.720374450642082, -0.06914613102491533, -0.3908757475092272, 0.8145472190069718, -4.258578630457092, -0.27031908499900925, 0.5249365768874684, 0.0638080859034788, -0.22257053106101024, 0.6873636872454021, -4.023931658395984, -0.23841504204726985, 0.4136513113569633, -1.9698909921498024e-17, -1.9698909921498024e-17]
s_ref=[1.0, 1.0, 1.0, 1.0, 1.0, 1.0, 1.0, 1.0, 1.0, 1.0, 1.0, 1.0, 1.0, 1.0, 1.0, 1.0, 1.0, 1.0, 1.0, 1.0, 1.0, 1.0, 1.0, 1.0, 1.0, 1.0, 1.0, 1.0, 1.0, 1.0, 1.0, 1.0]
outer=1, inner=4, total=4, ρx=0.01, ρs=0.0
x_ref=[-6.0, -1.0, 2.0, 5.408424107885903e-25, 1.942907300445045, 0.30336448187328136, -4.757136587444369, -0.9620794397658398, 2.9714536502225224, 0.15168224093664068, 1.9053998291239052, -0.018274130337857443, -3.0332347836926195, -0.8885225855897516, 3.924153564784475, 0.14254517576771197, 1.7297308027227256, -0.052181809919122614, -0.8549416509600413, -0.823772723945786, 4.789018966145838, 0.11645427080815067, -6.400106471362846e-18, -6.400106471362846e-18, 1.0, -5.0, 1.3481509610710651e-33, 1.0, -0.47149203897310316, -0.5592510987158358, 0.9410634951283621, -4.569906387339479, -0.23574601948655158, 0.720374450642082, -0.06914613102491533, -0.3908757475092272, 0.8145472190069718, -4.258578630457092, -0.27031908499900925, 0.5249365768874684, 0.0638080859034788, -0.22257053106101024, 0.6873636872454021, -4.023931658395984, -0.23841504204726985, 0.4136513113569633, -1.9698909921498024e-17, -1.9698909921498024e-17]
s_ref=[1.0, 1.0, 1.0, 1.0, 1.0, 1.0, 1.0, 1.0, 1.0, 1.0, 1.0, 1.0, 1.0, 1.0, 1.0, 1.0, 1.0, 1.0, 1.0, 1.0, 1.0, 1.0, 1.0, 1.0, 1.0, 1.0, 1.0, 1.0, 1.0, 1.0, 1.0, 1.0]
outer=1, inner=5, total=5, ρx=0.01, ρs=0.0
x_ref=[-6.0, -1.0, 2.0, 5.408424107885903e-25, 1.942907300445045, 0.30336448187328136, -4.757136587444369, -0.9620794397658398, 2.9714536502225224, 0.15168224093664068, 1.9053998291239052, -0.018274130337857443, -3.0332347836926195, -0.8885225855897516, 3.924153564784475, 0.14254517576771197, 1.7297308027227256, -0.052181809919122614, -0.8549416509600413, -0.823772723945786, 4.789018966145838, 0.11645427080815067, -6.400106471362846e-18, -6.400106471362846e-18, 1.0, -5.0, 1.3481509610710651e-33, 1.0, -0.47149203897310316, -0.5592510987158358, 0.9410634951283621, -4.569906387339479, -0.23574601948655158, 0.720374450642082, -0.06914613102491533, -0.3908757475092272, 0.8145472190069718, -4.258578630457092, -0.27031908499900925, 0.5249365768874684, 0.0638080859034788, -0.22257053106101024, 0.6873636872454021, -4.023931658395984, -0.23841504204726985, 0.4136513113569633, -1.9698909921498024e-17, -1.9698909921498024e-17]
s_ref=[1.0, 1.0, 1.0, 1.0, 1.0, 1.0, 1.0, 1.0, 1.0, 1.0, 1.0, 1.0, 1.0, 1.0, 1.0, 1.0, 1.0, 1.0, 1.0, 1.0, 1.0, 1.0, 1.0, 1.0, 1.0, 1.0, 1.0, 1.0, 1.0, 1.0, 1.0, 1.0]
outer=1, inner=6, total=6, ρx=0.01, ρs=0.0
x_ref=[-6.0, -1.0, 2.0, 5.408424107885903e-25, 1.942907300445045, 0.30336448187328136, -4.757136587444369, -0.9620794397658398, 2.9714536502225224, 0.15168224093664068, 1.9053998291239052, -0.018274130337857443, -3.0332347836926195, -0.8885225855897516, 3.924153564784475, 0.14254517576771197, 1.7297308027227256, -0.052181809919122614, -0.8549416509600413, -0.823772723945786, 4.789018966145838, 0.11645427080815067, -6.400106471362846e-18, -6.400106471362846e-18, 1.0, -5.0, 1.3481509610710651e-33, 1.0, -0.47149203897310316, -0.5592510987158358, 0.9410634951283621, -4.569906387339479, -0.23574601948655158, 0.720374450642082, -0.06914613102491533, -0.3908757475092272, 0.8145472190069718, -4.258578630457092, -0.27031908499900925, 0.5249365768874684, 0.0638080859034788, -0.22257053106101024, 0.6873636872454021, -4.023931658395984, -0.23841504204726985, 0.4136513113569633, -1.9698909921498024e-17, -1.9698909921498024e-17]
s_ref=[1.0, 1.0, 1.0, 1.0, 1.0, 1.0, 1.0, 1.0, 1.0, 1.0, 1.0, 1.0, 1.0, 1.0, 1.0, 1.0, 1.0, 1.0, 1.0, 1.0, 1.0, 1.0, 1.0, 1.0, 1.0, 1.0, 1.0, 1.0, 1.0, 1.0, 1.0, 1.0]
outer=1, inner=7, total=7, ρx=0.01, ρs=0.0
x_ref=[-6.0, -1.0, 2.0, 5.408424107885903e-25, 1.942907300445045, 0.30336448187328136, -4.757136587444369, -0.9620794397658398, 2.9714536502225224, 0.15168224093664068, 1.9053998291239052, -0.018274130337857443, -3.0332347836926195, -0.8885225855897516, 3.924153564784475, 0.14254517576771197, 1.7297308027227256, -0.052181809919122614, -0.8549416509600413, -0.823772723945786, 4.789018966145838, 0.11645427080815067, -6.400106471362846e-18, -6.400106471362846e-18, 1.0, -5.0, 1.3481509610710651e-33, 1.0, -0.47149203897310316, -0.5592510987158358, 0.9410634951283621, -4.569906387339479, -0.23574601948655158, 0.720374450642082, -0.06914613102491533, -0.3908757475092272, 0.8145472190069718, -4.258578630457092, -0.27031908499900925, 0.5249365768874684, 0.0638080859034788, -0.22257053106101024, 0.6873636872454021, -4.023931658395984, -0.23841504204726985, 0.4136513113569633, -1.9698909921498024e-17, -1.9698909921498024e-17]
s_ref=[1.0, 1.0, 1.0, 1.0, 1.0, 1.0, 1.0, 1.0, 1.0, 1.0, 1.0, 1.0, 1.0, 1.0, 1.0, 1.0, 1.0, 1.0, 1.0, 1.0, 1.0, 1.0, 1.0, 1.0, 1.0, 1.0, 1.0, 1.0, 1.0, 1.0, 1.0, 1.0]
outer=1, inner=8, total=8, ρx=0.01, ρs=0.0
x_ref=[-6.0, -1.0, 2.0, 5.408424107885903e-25, 1.942907300445045, 0.30336448187328136, -4.757136587444369, -0.9620794397658398, 2.9714536502225224, 0.15168224093664068, 1.9053998291239052, -0.018274130337857443, -3.0332347836926195, -0.8885225855897516, 3.924153564784475, 0.14254517576771197, 1.7297308027227256, -0.052181809919122614, -0.8549416509600413, -0.823772723945786, 4.789018966145838, 0.11645427080815067, -6.400106471362846e-18, -6.400106471362846e-18, 1.0, -5.0, 1.3481509610710651e-33, 1.0, -0.47149203897310316, -0.5592510987158358, 0.9410634951283621, -4.569906387339479, -0.23574601948655158, 0.720374450642082, -0.06914613102491533, -0.3908757475092272, 0.8145472190069718, -4.258578630457092, -0.27031908499900925, 0.5249365768874684, 0.0638080859034788, -0.22257053106101024, 0.6873636872454021, -4.023931658395984, -0.23841504204726985, 0.4136513113569633, -1.9698909921498024e-17, -1.9698909921498024e-17]
s_ref=[1.0, 1.0, 1.0, 1.0, 1.0, 1.0, 1.0, 1.0, 1.0, 1.0, 1.0, 1.0, 1.0, 1.0, 1.0, 1.0, 1.0, 1.0, 1.0, 1.0, 1.0, 1.0, 1.0, 1.0, 1.0, 1.0, 1.0, 1.0, 1.0, 1.0, 1.0, 1.0]
outer=1, inner=9, total=9, ρx=0.01, ρs=0.0
x_ref=[-6.0, -1.0, 2.0, 5.408424107885903e-25, 1.942907300445045, 0.30336448187328136, -4.757136587444369, -0.9620794397658398, 2.9714536502225224, 0.15168224093664068, 1.9053998291239052, -0.018274130337857443, -3.0332347836926195, -0.8885225855897516, 3.924153564784475, 0.14254517576771197, 1.7297308027227256, -0.052181809919122614, -0.8549416509600413, -0.823772723945786, 4.789018966145838, 0.11645427080815067, -6.400106471362846e-18, -6.400106471362846e-18, 1.0, -5.0, 1.3481509610710651e-33, 1.0, -0.47149203897310316, -0.5592510987158358, 0.9410634951283621, -4.569906387339479, -0.23574601948655158, 0.720374450642082, -0.06914613102491533, -0.3908757475092272, 0.8145472190069718, -4.258578630457092, -0.27031908499900925, 0.5249365768874684, 0.0638080859034788, -0.22257053106101024, 0.6873636872454021, -4.023931658395984, -0.23841504204726985, 0.4136513113569633, -1.9698909921498024e-17, -1.9698909921498024e-17]
s_ref=[1.0, 1.0, 1.0, 1.0, 1.0, 1.0, 1.0, 1.0, 1.0, 1.0, 1.0, 1.0, 1.0, 1.0, 1.0, 1.0, 1.0, 1.0, 1.0, 1.0, 1.0, 1.0, 1.0, 1.0, 1.0, 1.0, 1.0, 1.0, 1.0, 1.0, 1.0, 1.0]

[rho updates]
outer=1, stability=neutral, ρx: 0.01 -> 0.01, ρs: 0.0 -> 0.0
residual: 68.2766337544341 -> 6.0696298998871006e-12, avg_step=0.5763888888888888, min_step=0.0625
