file = solution_dict_instance_1_eps0.5.jld2
outer trace entries = 1
inner trace entries = 8

[outer trace]
outer=1, ρx=0.01, ρs=0.0
x_ref=[-6.0, -1.0, 2.0, 5.520068176880559e-21, 1.889756599976027, 0.39584597827778445, -4.763780425002996, -0.9505192527152769, 2.9448782999880136, 0.19792298913889222, 1.8184295967823736, 0.052198876987187386, -3.064037575411193, -0.8450328985224325, 3.8540930983792006, 0.22402242763248595, 1.5067233026606153, -0.02544570612084776, -0.9486506133890157, -0.7362023979712955, 4.6074547497095075, 0.21129957457206205, -7.19646806996958e-18, -7.19646806996958e-18, 1.0, -5.0, 9.296956929486432e-21, 1.0, -0.4887922602153705, -0.4533299715499539, 0.9389009674730786, -4.5566662464437435, -0.24439613010768524, 0.773335014225023, -0.08829779262979676, -0.34863567713613614, 0.8056656783405114, -4.2135781989732495, -0.2885450264225836, 0.5990171756569549, 0.052682516324992934, -0.208080640026608, 0.6679784796698437, -3.9400796911480978, -0.2622037682600871, 0.4949768556436509, 3.442417010718924e-17, 3.442417010718924e-17]
s_ref=[1.0, 1.0, 1.0, 1.0, 1.0, 1.0, 1.0, 1.0, 1.0, 1.0, 1.0, 1.0, 1.0, 1.0, 1.0, 1.0, 1.0, 1.0, 1.0, 1.0, 1.0, 1.0, 1.0, 1.0, 1.0, 1.0, 1.0, 1.0, 1.0, 1.0, 1.0, 1.0]

[inner trace]
outer=1, inner=1, total=1, ρx=0.01, ρs=0.0
x_ref=[-6.0, -1.0, 2.0, 5.520068176880559e-21, 1.889756599976027, 0.39584597827778445, -4.763780425002996, -0.9505192527152769, 2.9448782999880136, 0.19792298913889222, 1.8184295967823736, 0.052198876987187386, -3.064037575411193, -0.8450328985224325, 3.8540930983792006, 0.22402242763248595, 1.5067233026606153, -0.02544570612084776, -0.9486506133890157, -0.7362023979712955, 4.6074547497095075, 0.21129957457206205, -7.19646806996958e-18, -7.19646806996958e-18, 1.0, -5.0, 9.296956929486432e-21, 1.0, -0.4887922602153705, -0.4533299715499539, 0.9389009674730786, -4.5566662464437435, -0.24439613010768524, 0.773335014225023, -0.08829779262979676, -0.34863567713613614, 0.8056656783405114, -4.2135781989732495, -0.2885450264225836, 0.5990171756569549, 0.052682516324992934, -0.208080640026608, 0.6679784796698437, -3.9400796911480978, -0.2622037682600871, 0.4949768556436509, 3.442417010718924e-17, 3.442417010718924e-17]
s_ref=[1.0, 1.0, 1.0, 1.0, 1.0, 1.0, 1.0, 1.0, 1.0, 1.0, 1.0, 1.0, 1.0, 1.0, 1.0, 1.0, 1.0, 1.0, 1.0, 1.0, 1.0, 1.0, 1.0, 1.0, 1.0, 1.0, 1.0, 1.0, 1.0, 1.0, 1.0, 1.0]
outer=1, inner=2, total=2, ρx=0.01, ρs=0.0
x_ref=[-6.0, -1.0, 2.0, 5.520068176880559e-21, 1.889756599976027, 0.39584597827778445, -4.763780425002996, -0.9505192527152769, 2.9448782999880136, 0.19792298913889222, 1.8184295967823736, 0.052198876987187386, -3.064037575411193, -0.8450328985224325, 3.8540930983792006, 0.22402242763248595, 1.5067233026606153, -0.02544570612084776, -0.9486506133890157, -0.7362023979712955, 4.6074547497095075, 0.21129957457206205, -7.19646806996958e-18, -7.19646806996958e-18, 1.0, -5.0, 9.296956929486432e-21, 1.0, -0.4887922602153705, -0.4533299715499539, 0.9389009674730786, -4.5566662464437435, -0.24439613010768524, 0.773335014225023, -0.08829779262979676, -0.34863567713613614, 0.8056656783405114, -4.2135781989732495, -0.2885450264225836, 0.5990171756569549, 0.052682516324992934, -0.208080640026608, 0.6679784796698437, -3.9400796911480978, -0.2622037682600871, 0.4949768556436509, 3.442417010718924e-17, 3.442417010718924e-17]
s_ref=[1.0, 1.0, 1.0, 1.0, 1.0, 1.0, 1.0, 1.0, 1.0, 1.0, 1.0, 1.0, 1.0, 1.0, 1.0, 1.0, 1.0, 1.0, 1.0, 1.0, 1.0, 1.0, 1.0, 1.0, 1.0, 1.0, 1.0, 1.0, 1.0, 1.0, 1.0, 1.0]
outer=1, inner=3, total=3, ρx=0.01, ρs=0.0
x_ref=[-6.0, -1.0, 2.0, 5.520068176880559e-21, 1.889756599976027, 0.39584597827778445, -4.763780425002996, -0.9505192527152769, 2.9448782999880136, 0.19792298913889222, 1.8184295967823736, 0.052198876987187386, -3.064037575411193, -0.8450328985224325, 3.8540930983792006, 0.22402242763248595, 1.5067233026606153, -0.02544570612084776, -0.9486506133890157, -0.7362023979712955, 4.6074547497095075, 0.21129957457206205, -7.19646806996958e-18, -7.19646806996958e-18, 1.0, -5.0, 9.296956929486432e-21, 1.0, -0.4887922602153705, -0.4533299715499539, 0.9389009674730786, -4.5566662464437435, -0.24439613010768524, 0.773335014225023, -0.08829779262979676, -0.34863567713613614, 0.8056656783405114, -4.2135781989732495, -0.2885450264225836, 0.5990171756569549, 0.052682516324992934, -0.208080640026608, 0.6679784796698437, -3.9400796911480978, -0.2622037682600871, 0.4949768556436509, 3.442417010718924e-17, 3.442417010718924e-17]
s_ref=[1.0, 1.0, 1.0, 1.0, 1.0, 1.0, 1.0, 1.0, 1.0, 1.0, 1.0, 1.0, 1.0, 1.0, 1.0, 1.0, 1.0, 1.0, 1.0, 1.0, 1.0, 1.0, 1.0, 1.0, 1.0, 1.0, 1.0, 1.0, 1.0, 1.0, 1.0, 1.0]
outer=1, inner=4, total=4, ρx=0.01, ρs=0.0
x_ref=[-6.0, -1.0, 2.0, 5.520068176880559e-21, 1.889756599976027, 0.39584597827778445, -4.763780425002996, -0.9505192527152769, 2.9448782999880136, 0.19792298913889222, 1.8184295967823736, 0.052198876987187386, -3.064037575411193, -0.8450328985224325, 3.8540930983792006, 0.22402242763248595, 1.5067233026606153, -0.02544570612084776, -0.9486506133890157, -0.7362023979712955, 4.6074547497095075, 0.21129957457206205, -7.19646806996958e-18, -7.19646806996958e-18, 1.0, -5.0, 9.296956929486432e-21, 1.0, -0.4887922602153705, -0.4533299715499539, 0.9389009674730786, -4.5566662464437435, -0.24439613010768524, 0.773335014225023, -0.08829779262979676, -0.34863567713613614, 0.8056656783405114, -4.2135781989732495, -0.2885450264225836, 0.5990171756569549, 0.052682516324992934, -0.208080640026608, 0.6679784796698437, -3.9400796911480978, -0.2622037682600871, 0.4949768556436509, 3.442417010718924e-17, 3.442417010718924e-17]
s_ref=[1.0, 1.0, 1.0, 1.0, 1.0, 1.0, 1.0, 1.0, 1.0, 1.0, 1.0, 1.0, 1.0, 1.0, 1.0, 1.0, 1.0, 1.0, 1.0, 1.0, 1.0, 1.0, 1.0, 1.0, 1.0, 1.0, 1.0, 1.0, 1.0, 1.0, 1.0, 1.0]
outer=1, inner=5, total=5, ρx=0.01, ρs=0.0
x_ref=[-6.0, -1.0, 2.0, 5.520068176880559e-21, 1.889756599976027, 0.39584597827778445, -4.763780425002996, -0.9505192527152769, 2.9448782999880136, 0.19792298913889222, 1.8184295967823736, 0.052198876987187386, -3.064037575411193, -0.8450328985224325, 3.8540930983792006, 0.22402242763248595, 1.5067233026606153, -0.02544570612084776, -0.9486506133890157, -0.7362023979712955, 4.6074547497095075, 0.21129957457206205, -7.19646806996958e-18, -7.19646806996958e-18, 1.0, -5.0, 9.296956929486432e-21, 1.0, -0.4887922602153705, -0.4533299715499539, 0.9389009674730786, -4.5566662464437435, -0.24439613010768524, 0.773335014225023, -0.08829779262979676, -0.34863567713613614, 0.8056656783405114, -4.2135781989732495, -0.2885450264225836, 0.5990171756569549, 0.052682516324992934, -0.208080640026608, 0.6679784796698437, -3.9400796911480978, -0.2622037682600871, 0.4949768556436509, 3.442417010718924e-17, 3.442417010718924e-17]
s_ref=[1.0, 1.0, 1.0, 1.0, 1.0, 1.0, 1.0, 1.0, 1.0, 1.0, 1.0, 1.0, 1.0, 1.0, 1.0, 1.0, 1.0, 1.0, 1.0, 1.0, 1.0, 1.0, 1.0, 1.0, 1.0, 1.0, 1.0, 1.0, 1.0, 1.0, 1.0, 1.0]
outer=1, inner=6, total=6, ρx=0.01, ρs=0.0
x_ref=[-6.0, -1.0, 2.0, 5.520068176880559e-21, 1.889756599976027, 0.39584597827778445, -4.763780425002996, -0.9505192527152769, 2.9448782999880136, 0.19792298913889222, 1.8184295967823736, 0.052198876987187386, -3.064037575411193, -0.8450328985224325, 3.8540930983792006, 0.22402242763248595, 1.5067233026606153, -0.02544570612084776, -0.9486506133890157, -0.7362023979712955, 4.6074547497095075, 0.21129957457206205, -7.19646806996958e-18, -7.19646806996958e-18, 1.0, -5.0, 9.296956929486432e-21, 1.0, -0.4887922602153705, -0.4533299715499539, 0.9389009674730786, -4.5566662464437435, -0.24439613010768524, 0.773335014225023, -0.08829779262979676, -0.34863567713613614, 0.8056656783405114, -4.2135781989732495, -0.2885450264225836, 0.5990171756569549, 0.052682516324992934, -0.208080640026608, 0.6679784796698437, -3.9400796911480978, -0.2622037682600871, 0.4949768556436509, 3.442417010718924e-17, 3.442417010718924e-17]
s_ref=[1.0, 1.0, 1.0, 1.0, 1.0, 1.0, 1.0, 1.0, 1.0, 1.0, 1.0, 1.0, 1.0, 1.0, 1.0, 1.0, 1.0, 1.0, 1.0, 1.0, 1.0, 1.0, 1.0, 1.0, 1.0, 1.0, 1.0, 1.0, 1.0, 1.0, 1.0, 1.0]
outer=1, inner=7, total=7, ρx=0.01, ρs=0.0
x_ref=[-6.0, -1.0, 2.0, 5.520068176880559e-21, 1.889756599976027, 0.39584597827778445, -4.763780425002996, -0.9505192527152769, 2.9448782999880136, 0.19792298913889222, 1.8184295967823736, 0.052198876987187386, -3.064037575411193, -0.8450328985224325, 3.8540930983792006, 0.22402242763248595, 1.5067233026606153, -0.02544570612084776, -0.9486506133890157, -0.7362023979712955, 4.6074547497095075, 0.21129957457206205, -7.19646806996958e-18, -7.19646806996958e-18, 1.0, -5.0, 9.296956929486432e-21, 1.0, -0.4887922602153705, -0.4533299715499539, 0.9389009674730786, -4.5566662464437435, -0.24439613010768524, 0.773335014225023, -0.08829779262979676, -0.34863567713613614, 0.8056656783405114, -4.2135781989732495, -0.2885450264225836, 0.5990171756569549, 0.052682516324992934, -0.208080640026608, 0.6679784796698437, -3.9400796911480978, -0.2622037682600871, 0.4949768556436509, 3.442417010718924e-17, 3.442417010718924e-17]
s_ref=[1.0, 1.0, 1.0, 1.0, 1.0, 1.0, 1.0, 1.0, 1.0, 1.0, 1.0, 1.0, 1.0, 1.0, 1.0, 1.0, 1.0, 1.0, 1.0, 1.0, 1.0, 1.0, 1.0, 1.0, 1.0, 1.0, 1.0, 1.0, 1.0, 1.0, 1.0, 1.0]
outer=1, inner=8, total=8, ρx=0.01, ρs=0.0
x_ref=[-6.0, -1.0, 2.0, 5.520068176880559e-21, 1.889756599976027, 0.39584597827778445, -4.763780425002996, -0.9505192527152769, 2.9448782999880136, 0.19792298913889222, 1.8184295967823736, 0.052198876987187386, -3.064037575411193, -0.8450328985224325, 3.8540930983792006, 0.22402242763248595, 1.5067233026606153, -0.02544570612084776, -0.9486506133890157, -0.7362023979712955, 4.6074547497095075, 0.21129957457206205, -7.19646806996958e-18, -7.19646806996958e-18, 1.0, -5.0, 9.296956929486432e-21, 1.0, -0.4887922602153705, -0.4533299715499539, 0.9389009674730786, -4.5566662464437435, -0.24439613010768524, 0.773335014225023, -0.08829779262979676, -0.34863567713613614, 0.8056656783405114, -4.2135781989732495, -0.2885450264225836, 0.5990171756569549, 0.052682516324992934, -0.208080640026608, 0.6679784796698437, -3.9400796911480978, -0.2622037682600871, 0.4949768556436509, 3.442417010718924e-17, 3.442417010718924e-17]
s_ref=[1.0, 1.0, 1.0, 1.0, 1.0, 1.0, 1.0, 1.0, 1.0, 1.0, 1.0, 1.0, 1.0, 1.0, 1.0, 1.0, 1.0, 1.0, 1.0, 1.0, 1.0, 1.0, 1.0, 1.0, 1.0, 1.0, 1.0, 1.0, 1.0, 1.0, 1.0, 1.0]

[rho updates]
outer=1, stability=neutral, ρx: 0.01 -> 0.01, ρs: 0.0 -> 0.0
residual: 66.65847384978727 -> 1.4006553421510846e-11, avg_step=0.6171875, min_step=0.0625
