file = solution_dict_instance_1_eps0.0078125.jld2
outer trace entries = 1
inner trace entries = 12

[outer trace]
outer=1, ρx=0.01, ρs=0.0
x_ref=[-6.0, -1.0, 2.0, 9.619901911741775e-24, 1.9981503678397294, 0.12363867151154416, -4.750231204020034, -0.9845451660610569, 2.9990751839198646, 0.06181933575577208, 1.9969178323536199, -0.14947632927463483, -3.001078883015899, -0.9723200393425002, 3.997534100096675, -0.01291882888154533, 1.9907672355700263, -0.10288467160063917, -0.7534659285213086, -0.9916400377333527, 4.992917717881688, -0.06436116468186491, -7.140586389173263e-17, -7.140586389173263e-17, 1.0, -5.0, -1.7732537932351816e-25, 1.0, -0.4366041971265762, -0.6947087911259372, 0.945424475359178, -4.586838598890742, -0.2183020985632881, 0.6526456044370313, -0.04266167763921857, -0.42771869976266086, 0.8309407163726316, -4.313980634142559, -0.2396329373828974, 0.43878625455570097, 0.07556481988278387, -0.2288321343462103, 0.7205698501665309, -4.123191523657985, -0.20185052744150547, 0.3243701873825958, -6.4921281090378624e-18, -6.4921281090378624e-18]
s_ref=[1.0, 1.0, 1.0, 1.0, 1.0, 1.0, 1.0, 1.0, 1.0, 1.0, 1.0, 1.0, 1.0, 1.0, 1.0, 1.0, 1.0, 1.0, 1.0, 1.0, 1.0, 1.0, 1.0, 1.0, 1.0, 1.0, 1.0, 1.0, 1.0, 1.0, 1.0, 1.0]

[inner trace]
outer=1, inner=1, total=1, ρx=0.01, ρs=0.0
x_ref=[-6.0, -1.0, 2.0, 9.619901911741775e-24, 1.9981503678397294, 0.12363867151154416, -4.750231204020034, -0.9845451660610569, 2.9990751839198646, 0.06181933575577208, 1.9969178323536199, -0.14947632927463483, -3.001078883015899, -0.9723200393425002, 3.997534100096675, -0.01291882888154533, 1.9907672355700263, -0.10288467160063917, -0.7534659285213086, -0.9916400377333527, 4.992917717881688, -0.06436116468186491, -7.140586389173263e-17, -7.140586389173263e-17, 1.0, -5.0, -1.7732537932351816e-25, 1.0, -0.4366041971265762, -0.6947087911259372, 0.945424475359178, -4.586838598890742, -0.2183020985632881, 0.6526456044370313, -0.04266167763921857, -0.42771869976266086, 0.8309407163726316, -4.313980634142559, -0.2396329373828974, 0.43878625455570097, 0.07556481988278387, -0.2288321343462103, 0.7205698501665309, -4.123191523657985, -0.20185052744150547, 0.3243701873825958, -6.4921281090378624e-18, -6.4921281090378624e-18]
s_ref=[1.0, 1.0, 1.0, 1.0, 1.0, 1.0, 1.0, 1.0, 1.0, 1.0, 1.0, 1.0, 1.0, 1.0, 1.0, 1.0, 1.0, 1.0, 1.0, 1.0, 1.0, 1.0, 1.0, 1.0, 1.0, 1.0, 1.0, 1.0, 1.0, 1.0, 1.0, 1.0]
outer=1, inner=2, total=2, ρx=0.01, ρs=0.0
x_ref=[-6.0, -1.0, 2.0, 9.619901911741775e-24, 1.9981503678397294, 0.12363867151154416, -4.750231204020034, -0.9845451660610569, 2.9990751839198646, 0.06181933575577208, 1.9969178323536199, -0.14947632927463483, -3.001078883015899, -0.9723200393425002, 3.997534100096675, -0.01291882888154533, 1.9907672355700263, -0.10288467160063917, -0.7534659285213086, -0.9916400377333527, 4.992917717881688, -0.06436116468186491, -7.140586389173263e-17, -7.140586389173263e-17, 1.0, -5.0, -1.7732537932351816e-25, 1.0, -0.4366041971265762, -0.6947087911259372, 0.945424475359178, -4.586838598890742, -0.2183020985632881, 0.6526456044370313, -0.04266167763921857, -0.42771869976266086, 0.8309407163726316, -4.313980634142559, -0.2396329373828974, 0.43878625455570097, 0.07556481988278387, -0.2288321343462103, 0.7205698501665309, -4.123191523657985, -0.20185052744150547, 0.3243701873825958, -6.4921281090378624e-18, -6.4921281090378624e-18]
s_ref=[1.0, 1.0, 1.0, 1.0, 1.0, 1.0, 1.0, 1.0, 1.0, 1.0, 1.0, 1.0, 1.0, 1.0, 1.0, 1.0, 1.0, 1.0, 1.0, 1.0, 1.0, 1.0, 1.0, 1.0, 1.0, 1.0, 1.0, 1.0, 1.0, 1.0, 1.0, 1.0]
outer=1, inner=3, total=3, ρx=0.01, ρs=0.0
x_ref=[-6.0, -1.0, 2.0, 9.619901911741775e-24, 1.9981503678397294, 0.12363867151154416, -4.750231204020034, -0.9845451660610569, 2.9990751839198646, 0.06181933575577208, 1.9969178323536199, -0.14947632927463483, -3.001078883015899, -0.9723200393425002, 3.997534100096675, -0.01291882888154533, 1.9907672355700263, -0.10288467160063917, -0.7534659285213086, -0.9916400377333527, 4.992917717881688, -0.06436116468186491, -7.140586389173263e-17, -7.140586389173263e-17, 1.0, -5.0, -1.7732537932351816e-25, 1.0, -0.4366041971265762, -0.6947087911259372, 0.945424475359178, -4.586838598890742, -0.2183020985632881, 0.6526456044370313, -0.04266167763921857, -0.42771869976266086, 0.8309407163726316, -4.313980634142559, -0.2396329373828974, 0.43878625455570097, 0.07556481988278387, -0.2288321343462103, 0.7205698501665309, -4.123191523657985, -0.20185052744150547, 0.3243701873825958, -6.4921281090378624e-18, -6.4921281090378624e-18]
s_ref=[1.0, 1.0, 1.0, 1.0, 1.0, 1.0, 1.0, 1.0, 1.0, 1.0, 1.0, 1.0, 1.0, 1.0, 1.0, 1.0, 1.0, 1.0, 1.0, 1.0, 1.0, 1.0, 1.0, 1.0, 1.0, 1.0, 1.0, 1.0, 1.0, 1.0, 1.0, 1.0]
outer=1, inner=4, total=4, ρx=0.01, ρs=0.0
x_ref=[-6.0, -1.0, 2.0, 9.619901911741775e-24, 1.9981503678397294, 0.12363867151154416, -4.750231204020034, -0.9845451660610569, 2.9990751839198646, 0.06181933575577208, 1.9969178323536199, -0.14947632927463483, -3.001078883015899, -0.9723200393425002, 3.997534100096675, -0.01291882888154533, 1.9907672355700263, -0.10288467160063917, -0.7534659285213086, -0.9916400377333527, 4.992917717881688, -0.06436116468186491, -7.140586389173263e-17, -7.140586389173263e-17, 1.0, -5.0, -1.7732537932351816e-25, 1.0, -0.4366041971265762, -0.6947087911259372, 0.945424475359178, -4.586838598890742, -0.2183020985632881, 0.6526456044370313, -0.04266167763921857, -0.42771869976266086, 0.8309407163726316, -4.313980634142559, -0.2396329373828974, 0.43878625455570097, 0.07556481988278387, -0.2288321343462103, 0.7205698501665309, -4.123191523657985, -0.20185052744150547, 0.3243701873825958, -6.4921281090378624e-18, -6.4921281090378624e-18]
s_ref=[1.0, 1.0, 1.0, 1.0, 1.0, 1.0, 1.0, 1.0, 1.0, 1.0, 1.0, 1.0, 1.0, 1.0, 1.0, 1.0, 1.0, 1.0, 1.0, 1.0, 1.0, 1.0, 1.0, 1.0, 1.0, 1.0, 1.0, 1.0, 1.0, 1.0, 1.0, 1.0]
outer=1, inner=5, total=5, ρx=0.01, ρs=0.0
x_ref=[-6.0, -1.0, 2.0, 9.619901911741775e-24, 1.9981503678397294, 0.12363867151154416, -4.750231204020034, -0.9845451660610569, 2.9990751839198646, 0.06181933575577208, 1.9969178323536199, -0.14947632927463483, -3.001078883015899, -0.9723200393425002, 3.997534100096675, -0.01291882888154533, 1.9907672355700263, -0.10288467160063917, -0.7534659285213086, -0.9916400377333527, 4.992917717881688, -0.06436116468186491, -7.140586389173263e-17, -7.140586389173263e-17, 1.0, -5.0, -1.7732537932351816e-25, 1.0, -0.4366041971265762, -0.6947087911259372, 0.945424475359178, -4.586838598890742, -0.2183020985632881, 0.6526456044370313, -0.04266167763921857, -0.42771869976266086, 0.8309407163726316, -4.313980634142559, -0.2396329373828974, 0.43878625455570097, 0.07556481988278387, -0.2288321343462103, 0.7205698501665309, -4.123191523657985, -0.20185052744150547, 0.3243701873825958, -6.4921281090378624e-18, -6.4921281090378624e-18]
s_ref=[1.0, 1.0, 1.0, 1.0, 1.0, 1.0, 1.0, 1.0, 1.0, 1.0, 1.0, 1.0, 1.0, 1.0, 1.0, 1.0, 1.0, 1.0, 1.0, 1.0, 1.0, 1.0, 1.0, 1.0, 1.0, 1.0, 1.0, 1.0, 1.0, 1.0, 1.0, 1.0]
outer=1, inner=6, total=6, ρx=0.01, ρs=0.0
x_ref=[-6.0, -1.0, 2.0, 9.619901911741775e-24, 1.9981503678397294, 0.12363867151154416, -4.750231204020034, -0.9845451660610569, 2.9990751839198646, 0.06181933575577208, 1.9969178323536199, -0.14947632927463483, -3.001078883015899, -0.9723200393425002, 3.997534100096675, -0.01291882888154533, 1.9907672355700263, -0.10288467160063917, -0.7534659285213086, -0.9916400377333527, 4.992917717881688, -0.06436116468186491, -7.140586389173263e-17, -7.140586389173263e-17, 1.0, -5.0, -1.7732537932351816e-25, 1.0, -0.4366041971265762, -0.6947087911259372, 0.945424475359178, -4.586838598890742, -0.2183020985632881, 0.6526456044370313, -0.04266167763921857, -0.42771869976266086, 0.8309407163726316, -4.313980634142559, -0.2396329373828974, 0.43878625455570097, 0.07556481988278387, -0.2288321343462103, 0.7205698501665309, -4.123191523657985, -0.20185052744150547, 0.3243701873825958, -6.4921281090378624e-18, -6.4921281090378624e-18]
s_ref=[1.0, 1.0, 1.0, 1.0, 1.0, 1.0, 1.0, 1.0, 1.0, 1.0, 1.0, 1.0, 1.0, 1.0, 1.0, 1.0, 1.0, 1.0, 1.0, 1.0, 1.0, 1.0, 1.0, 1.0, 1.0, 1.0, 1.0, 1.0, 1.0, 1.0, 1.0, 1.0]
outer=1, inner=7, total=7, ρx=0.01, ρs=0.0
x_ref=[-6.0, -1.0, 2.0, 9.619901911741775e-24, 1.9981503678397294, 0.12363867151154416, -4.750231204020034, -0.9845451660610569, 2.9990751839198646, 0.06181933575577208, 1.9969178323536199, -0.14947632927463483, -3.001078883015899, -0.9723200393425002, 3.997534100096675, -0.01291882888154533, 1.9907672355700263, -0.10288467160063917, -0.7534659285213086, -0.9916400377333527, 4.992917717881688, -0.06436116468186491, -7.140586389173263e-17, -7.140586389173263e-17, 1.0, -5.0, -1.7732537932351816e-25, 1.0, -0.4366041971265762, -0.6947087911259372, 0.945424475359178, -4.586838598890742, -0.2183020985632881, 0.6526456044370313, -0.04266167763921857, -0.42771869976266086, 0.8309407163726316, -4.313980634142559, -0.2396329373828974, 0.43878625455570097, 0.07556481988278387, -0.2288321343462103, 0.7205698501665309, -4.123191523657985, -0.20185052744150547, 0.3243701873825958, -6.4921281090378624e-18, -6.4921281090378624e-18]
s_ref=[1.0, 1.0, 1.0, 1.0, 1.0, 1.0, 1.0, 1.0, 1.0, 1.0, 1.0, 1.0, 1.0, 1.0, 1.0, 1.0, 1.0, 1.0, 1.0, 1.0, 1.0, 1.0, 1.0, 1.0, 1.0, 1.0, 1.0, 1.0, 1.0, 1.0, 1.0, 1.0]
outer=1, inner=8, total=8, ρx=0.01, ρs=0.0
x_ref=[-6.0, -1.0, 2.0, 9.619901911741775e-24, 1.9981503678397294, 0.12363867151154416, -4.750231204020034, -0.9845451660610569, 2.9990751839198646, 0.06181933575577208, 1.9969178323536199, -0.14947632927463483, -3.001078883015899, -0.9723200393425002, 3.997534100096675, -0.01291882888154533, 1.9907672355700263, -0.10288467160063917, -0.7534659285213086, -0.9916400377333527, 4.992917717881688, -0.06436116468186491, -7.140586389173263e-17, -7.140586389173263e-17, 1.0, -5.0, -1.7732537932351816e-25, 1.0, -0.4366041971265762, -0.6947087911259372, 0.945424475359178, -4.586838598890742, -0.2183020985632881, 0.6526456044370313, -0.04266167763921857, -0.42771869976266086, 0.8309407163726316, -4.313980634142559, -0.2396329373828974, 0.43878625455570097, 0.07556481988278387, -0.2288321343462103, 0.7205698501665309, -4.123191523657985, -0.20185052744150547, 0.3243701873825958, -6.4921281090378624e-18, -6.4921281090378624e-18]
s_ref=[1.0, 1.0, 1.0, 1.0, 1.0, 1.0, 1.0, 1.0, 1.0, 1.0, 1.0, 1.0, 1.0, 1.0, 1.0, 1.0, 1.0, 1.0, 1.0, 1.0, 1.0, 1.0, 1.0, 1.0, 1.0, 1.0, 1.0, 1.0, 1.0, 1.0, 1.0, 1.0]
outer=1, inner=9, total=9, ρx=0.01, ρs=0.0
x_ref=[-6.0, -1.0, 2.0, 9.619901911741775e-24, 1.9981503678397294, 0.12363867151154416, -4.750231204020034, -0.9845451660610569, 2.9990751839198646, 0.06181933575577208, 1.9969178323536199, -0.14947632927463483, -3.001078883015899, -0.9723200393425002, 3.997534100096675, -0.01291882888154533, 1.9907672355700263, -0.10288467160063917, -0.7534659285213086, -0.9916400377333527, 4.992917717881688, -0.06436116468186491, -7.140586389173263e-17, -7.140586389173263e-17, 1.0, -5.0, -1.7732537932351816e-25, 1.0, -0.4366041971265762, -0.6947087911259372, 0.945424475359178, -4.586838598890742, -0.2183020985632881, 0.6526456044370313, -0.04266167763921857, -0.42771869976266086, 0.8309407163726316, -4.313980634142559, -0.2396329373828974, 0.43878625455570097, 0.07556481988278387, -0.2288321343462103, 0.7205698501665309, -4.123191523657985, -0.20185052744150547, 0.3243701873825958, -6.4921281090378624e-18, -6.4921281090378624e-18]
s_ref=[1.0, 1.0, 1.0, 1.0, 1.0, 1.0, 1.0, 1.0, 1.0, 1.0, 1.0, 1.0, 1.0, 1.0, 1.0, 1.0, 1.0, 1.0, 1.0, 1.0, 1.0, 1.0, 1.0, 1.0, 1.0, 1.0, 1.0, 1.0, 1.0, 1.0, 1.0, 1.0]
outer=1, inner=10, total=10, ρx=0.01, ρs=0.0
x_ref=[-6.0, -1.0, 2.0, 9.619901911741775e-24, 1.9981503678397294, 0.12363867151154416, -4.750231204020034, -0.9845451660610569, 2.9990751839198646, 0.06181933575577208, 1.9969178323536199, -0.14947632927463483, -3.001078883015899, -0.9723200393425002, 3.997534100096675, -0.01291882888154533, 1.9907672355700263, -0.10288467160063917, -0.7534659285213086, -0.9916400377333527, 4.992917717881688, -0.06436116468186491, -7.140586389173263e-17, -7.140586389173263e-17, 1.0, -5.0, -1.7732537932351816e-25, 1.0, -0.4366041971265762, -0.6947087911259372, 0.945424475359178, -4.586838598890742, -0.2183020985632881, 0.6526456044370313, -0.04266167763921857, -0.42771869976266086, 0.8309407163726316, -4.313980634142559, -0.2396329373828974, 0.43878625455570097, 0.07556481988278387, -0.2288321343462103, 0.7205698501665309, -4.123191523657985, -0.20185052744150547, 0.3243701873825958, -6.4921281090378624e-18, -6.4921281090378624e-18]
s_ref=[1.0, 1.0, 1.0, 1.0, 1.0, 1.0, 1.0, 1.0, 1.0, 1.0, 1.0, 1.0, 1.0, 1.0, 1.0, 1.0, 1.0, 1.0, 1.0, 1.0, 1.0, 1.0, 1.0, 1.0, 1.0, 1.0, 1.0, 1.0, 1.0, 1.0, 1.0, 1.0]
outer=1, inner=11, total=11, ρx=0.01, ρs=0.0
x_ref=[-6.0, -1.0, 2.0, 9.619901911741775e-24, 1.9981503678397294, 0.12363867151154416, -4.750231204020034, -0.9845451660610569, 2.9990751839198646, 0.06181933575577208, 1.9969178323536199, -0.14947632927463483, -3.001078883015899, -0.9723200393425002, 3.997534100096675, -0.01291882888154533, 1.9907672355700263, -0.10288467160063917, -0.7534659285213086, -0.9916400377333527, 4.992917717881688, -0.06436116468186491, -7.140586389173263e-17, -7.140586389173263e-17, 1.0, -5.0, -1.7732537932351816e-25, 1.0, -0.4366041971265762, -0.6947087911259372, 0.945424475359178, -4.586838598890742, -0.2183020985632881, 0.6526456044370313, -0.04266167763921857, -0.42771869976266086, 0.8309407163726316, -4.313980634142559, -0.2396329373828974, 0.43878625455570097, 0.07556481988278387, -0.2288321343462103, 0.7205698501665309, -4.123191523657985, -0.20185052744150547, 0.3243701873825958, -6.4921281090378624e-18, -6.4921281090378624e-18]
s_ref=[1.0, 1.0, 1.0, 1.0, 1.0, 1.0, 1.0, 1.0, 1.0, 1.0, 1.0, 1.0, 1.0, 1.0, 1.0, 1.0, 1.0, 1.0, 1.0, 1.0, 1.0, 1.0, 1.0, 1.0, 1.0, 1.0, 1.0, 1.0, 1.0, 1.0, 1.0, 1.0]
outer=1, inner=12, total=12, ρx=0.01, ρs=0.0
x_ref=[-6.0, -1.0, 2.0, 9.619901911741775e-24, 1.9981503678397294, 0.12363867151154416, -4.750231204020034, -0.9845451660610569, 2.9990751839198646, 0.06181933575577208, 1.9969178323536199, -0.14947632927463483, -3.001078883015899, -0.9723200393425002, 3.997534100096675, -0.01291882888154533, 1.9907672355700263, -0.10288467160063917, -0.7534659285213086, -0.9916400377333527, 4.992917717881688, -0.06436116468186491, -7.140586389173263e-17, -7.140586389173263e-17, 1.0, -5.0, -1.7732537932351816e-25, 1.0, -0.4366041971265762, -0.6947087911259372, 0.945424475359178, -4.586838598890742, -0.2183020985632881, 0.6526456044370313, -0.04266167763921857, -0.42771869976266086, 0.8309407163726316, -4.313980634142559, -0.2396329373828974, 0.43878625455570097, 0.07556481988278387, -0.2288321343462103, 0.7205698501665309, -4.123191523657985, -0.20185052744150547, 0.3243701873825958, -6.4921281090378624e-18, -6.4921281090378624e-18]
s_ref=[1.0, 1.0, 1.0, 1.0, 1.0, 1.0, 1.0, 1.0, 1.0, 1.0, 1.0, 1.0, 1.0, 1.0, 1.0, 1.0, 1.0, 1.0, 1.0, 1.0, 1.0, 1.0, 1.0, 1.0, 1.0, 1.0, 1.0, 1.0, 1.0, 1.0, 1.0, 1.0]

[rho updates]
outer=1, stability=neutral, ρx: 0.01 -> 0.01, ρs: 0.0 -> 0.0
residual: 70.39808235986447 -> 1.1318217375808185e-11, avg_step=0.5260416666666666, min_step=0.0625
