file = solution_dict_instance_1_eps0.015625.jld2
outer trace entries = 1
inner trace entries = 11

[outer trace]
outer=1, ρx=0.01, ρs=0.0
x_ref=[-6.0, -1.0, 2.0, 5.408424102108113e-25, 1.9963051608808808, 0.1323346992648138, -4.75046185488989, -0.9834581625918983, 2.9981525804404403, 0.0661673496324069, 1.9938441438454668, -0.1432654982507837, -3.002155046688986, -0.9682826750570428, 3.995074652363174, -0.005465399492984944, 1.9815873264194597, -0.10044436878021419, -0.7569193047049669, -0.9835709209010621, 4.985868315572904, -0.055687583883092036, -1.0629515735263398e-16, -1.0629515735263398e-16, 1.0, -5.0, -3.5465075570171767e-26, 1.0, -0.437981886393181, -0.6893542583336599, 0.9452522642008524, -4.586169282291708, -0.2189909431965905, 0.6553228708331701, -0.04363443606149709, -0.42662901252894503, 0.8303024880948698, -4.311836473441241, -0.24080816122733906, 0.4420083645686975, 0.07516879486705569, -0.22880571870618024, 0.7192945068395822, -4.119433005995165, -0.2032237637938112, 0.3276055052156074, 1.3967721887164897e-17, 1.3967721887164897e-17]
s_ref=[1.0, 1.0, 1.0, 1.0, 1.0, 1.0, 1.0, 1.0, 1.0, 1.0, 1.0, 1.0, 1.0, 1.0, 1.0, 1.0, 1.0, 1.0, 1.0, 1.0, 1.0, 1.0, 1.0, 1.0, 1.0, 1.0, 1.0, 1.0, 1.0, 1.0, 1.0, 1.0]

[inner trace]
outer=1, inner=1, total=1, ρx=0.01, ρs=0.0
x_ref=[-6.0, -1.0, 2.0, 5.408424102108113e-25, 1.9963051608808808, 0.1323346992648138, -4.75046185488989, -0.9834581625918983, 2.9981525804404403, 0.0661673496324069, 1.9938441438454668, -0.1432654982507837, -3.002155046688986, -0.9682826750570428, 3.995074652363174, -0.005465399492984944, 1.9815873264194597, -0.10044436878021419, -0.7569193047049669, -0.9835709209010621, 4.985868315572904, -0.055687583883092036, -1.0629515735263398e-16, -1.0629515735263398e-16, 1.0, -5.0, -3.5465075570171767e-26, 1.0, -0.437981886393181, -0.6893542583336599, 0.9452522642008524, -4.586169282291708, -0.2189909431965905, 0.6553228708331701, -0.04363443606149709, -0.42662901252894503, 0.8303024880948698, -4.311836473441241, -0.24080816122733906, 0.4420083645686975, 0.07516879486705569, -0.22880571870618024, 0.7192945068395822, -4.119433005995165, -0.2032237637938112, 0.3276055052156074, 1.3967721887164897e-17, 1.3967721887164897e-17]
s_ref=[1.0, 1.0, 1.0, 1.0, 1.0, 1.0, 1.0, 1.0, 1.0, 1.0, 1.0, 1.0, 1.0, 1.0, 1.0, 1.0, 1.0, 1.0, 1.0, 1.0, 1.0, 1.0, 1.0, 1.0, 1.0, 1.0, 1.0, 1.0, 1.0, 1.0, 1.0, 1.0]
outer=1, inner=2, total=2, ρx=0.01, ρs=0.0
x_ref=[-6.0, -1.0, 2.0, 5.408424102108113e-25, 1.9963051608808808, 0.1323346992648138, -4.75046185488989, -0.9834581625918983, 2.9981525804404403, 0.0661673496324069, 1.9938441438454668, -0.1432654982507837, -3.002155046688986, -0.9682826750570428, 3.995074652363174, -0.005465399492984944, 1.9815873264194597, -0.10044436878021419, -0.7569193047049669, -0.9835709209010621, 4.985868315572904, -0.055687583883092036, -1.0629515735263398e-16, -1.0629515735263398e-16, 1.0, -5.0, -3.5465075570171767e-26, 1.0, -0.437981886393181, -0.6893542583336599, 0.9452522642008524, -4.586169282291708, -0.2189909431965905, 0.6553228708331701, -0.04363443606149709, -0.42662901252894503, 0.8303024880948698, -4.311836473441241, -0.24080816122733906, 0.4420083645686975, 0.07516879486705569, -0.22880571870618024, 0.7192945068395822, -4.119433005995165, -0.2032237637938112, 0.3276055052156074, 1.3967721887164897e-17, 1.3967721887164897e-17]
s_ref=[1.0, 1.0, 1.0, 1.0, 1.0, 1.0, 1.0, 1.0, 1.0, 1.0, 1.0, 1.0, 1.0, 1.0, 1.0, 1.0, 1.0, 1.0, 1.0, 1.0, 1.0, 1.0, 1.0, 1.0, 1.0, 1.0, 1.0, 1.0, 1.0, 1.0, 1.0, 1.0]
outer=1, inner=3, total=3, ρx=0.01, ρs=0.0
x_ref=[-6.0, -1.0, 2.0, 5.408424102108113e-25, 1.9963051608808808, 0.1323346992648138, -4.75046185488989, -0.9834581625918983, 2.9981525804404403, 0.0661673496324069, 1.9938441438454668, -0.1432654982507837, -3.002155046688986, -0.9682826750570428, 3.995074652363174, -0.005465399492984944, 1.9815873264194597, -0.10044436878021419, -0.7569193047049669, -0.9835709209010621, 4.985868315572904, -0.055687583883092036, -1.0629515735263398e-16, -1.0629515735263398e-16, 1.0, -5.0, -3.5465075570171767e-26, 1.0, -0.437981886393181, -0.6893542583336599, 0.9452522642008524, -4.586169282291708, -0.2189909431965905, 0.6553228708331701, -0.04363443606149709, -0.42662901252894503, 0.8303024880948698, -4.311836473441241, -0.24080816122733906, 0.4420083645686975, 0.07516879486705569, -0.22880571870618024, 0.7192945068395822, -4.119433005995165, -0.2032237637938112, 0.3276055052156074, 1.3967721887164897e-17, 1.3967721887164897e-17]
s_ref=[1.0, 1.0, 1.0, 1.0, 1.0, 1.0, 1.0, 1.0, 1.0, 1.0, 1.0, 1.0, 1.0, 1.0, 1.0, 1.0, 1.0, 1.0, 1.0, 1.0, 1.0, 1.0, 1.0, 1.0, 1.0, 1.0, 1.0, 1.0, 1.0, 1.0, 1.0, 1.0]
outer=1, inner=4, total=4, ρx=0.01, ρs=0.0
x_ref=[-6.0, -1.0, 2.0, 5.408424102108113e-25, 1.9963051608808808, 0.1323346992648138, -4.75046185488989, -0.9834581625918983, 2.9981525804404403, 0.0661673496324069, 1.9938441438454668, -0.1432654982507837, -3.002155046688986, -0.9682826750570428, 3.995074652363174, -0.005465399492984944, 1.9815873264194597, -0.10044436878021419, -0.7569193047049669, -0.9835709209010621, 4.985868315572904, -0.055687583883092036, -1.0629515735263398e-16, -1.0629515735263398e-16, 1.0, -5.0, -3.5465075570171767e-26, 1.0, -0.437981886393181, -0.6893542583336599, 0.9452522642008524, -4.586169282291708, -0.2189909431965905, 0.6553228708331701, -0.04363443606149709, -0.42662901252894503, 0.8303024880948698, -4.311836473441241, -0.24080816122733906, 0.4420083645686975, 0.07516879486705569, -0.22880571870618024, 0.7192945068395822, -4.119433005995165, -0.2032237637938112, 0.3276055052156074, 1.3967721887164897e-17, 1.3967721887164897e-17]
s_ref=[1.0, 1.0, 1.0, 1.0, 1.0, 1.0, 1.0, 1.0, 1.0, 1.0, 1.0, 1.0, 1.0, 1.0, 1.0, 1.0, 1.0, 1.0, 1.0, 1.0, 1.0, 1.0, 1.0, 1.0, 1.0, 1.0, 1.0, 1.0, 1.0, 1.0, 1.0, 1.0]
outer=1, inner=5, total=5, ρx=0.01, ρs=0.0
x_ref=[-6.0, -1.0, 2.0, 5.408424102108113e-25, 1.9963051608808808, 0.1323346992648138, -4.75046185488989, -0.9834581625918983, 2.9981525804404403, 0.0661673496324069, 1.9938441438454668, -0.1432654982507837, -3.002155046688986, -0.9682826750570428, 3.995074652363174, -0.005465399492984944, 1.9815873264194597, -0.10044436878021419, -0.7569193047049669, -0.9835709209010621, 4.985868315572904, -0.055687583883092036, -1.0629515735263398e-16, -1.0629515735263398e-16, 1.0, -5.0, -3.5465075570171767e-26, 1.0, -0.437981886393181, -0.6893542583336599, 0.9452522642008524, -4.586169282291708, -0.2189909431965905, 0.6553228708331701, -0.04363443606149709, -0.42662901252894503, 0.8303024880948698, -4.311836473441241, -0.24080816122733906, 0.4420083645686975, 0.07516879486705569, -0.22880571870618024, 0.7192945068395822, -4.119433005995165, -0.2032237637938112, 0.3276055052156074, 1.3967721887164897e-17, 1.3967721887164897e-17]
s_ref=[1.0, 1.0, 1.0, 1.0, 1.0, 1.0, 1.0, 1.0, 1.0, 1.0, 1.0, 1.0, 1.0, 1.0, 1.0, 1.0, 1.0, 1.0, 1.0, 1.0, 1.0, 1.0, 1.0, 1.0, 1.0, 1.0, 1.0, 1.0, 1.0, 1.0, 1.0, 1.0]
outer=1, inner=6, total=6, ρx=0.01, ρs=0.0
x_ref=[-6.0, -1.0, 2.0, 5.408424102108113e-25, 1.9963051608808808, 0.1323346992648138, -4.75046185488989, -0.9834581625918983, 2.9981525804404403, 0.0661673496324069, 1.9938441438454668, -0.1432654982507837, -3.002155046688986, -0.9682826750570428, 3.995074652363174, -0.005465399492984944, 1.9815873264194597, -0.10044436878021419, -0.7569193047049669, -0.9835709209010621, 4.985868315572904, -0.055687583883092036, -1.0629515735263398e-16, -1.0629515735263398e-16, 1.0, -5.0, -3.5465075570171767e-26, 1.0, -0.437981886393181, -0.6893542583336599, 0.9452522642008524, -4.586169282291708, -0.2189909431965905, 0.6553228708331701, -0.04363443606149709, -0.42662901252894503, 0.8303024880948698, -4.311836473441241, -0.24080816122733906, 0.4420083645686975, 0.07516879486705569, -0.22880571870618024, 0.7192945068395822, -4.119433005995165, -0.2032237637938112, 0.3276055052156074, 1.3967721887164897e-17, 1.3967721887164897e-17]
s_ref=[1.0, 1.0, 1.0, 1.0, 1.0, 1.0, 1.0, 1.0, 1.0, 1.0, 1.0, 1.0, 1.0, 1.0, 1.0, 1.0, 1.0, 1.0, 1.0, 1.0, 1.0, 1.0, 1.0, 1.0, 1.0, 1.0, 1.0, 1.0, 1.0, 1.0, 1.0, 1.0]
outer=1, inner=7, total=7, ρx=0.01, ρs=0.0
x_ref=[-6.0, -1.0, 2.0, 5.408424102108113e-25, 1.9963051608808808, 0.1323346992648138, -4.75046185488989, -0.9834581625918983, 2.9981525804404403, 0.0661673496324069, 1.9938441438454668, -0.1432654982507837, -3.002155046688986, -0.9682826750570428, 3.995074652363174, -0.005465399492984944, 1.9815873264194597, -0.10044436878021419, -0.7569193047049669, -0.9835709209010621, 4.985868315572904, -0.055687583883092036, -1.0629515735263398e-16, -1.0629515735263398e-16, 1.0, -5.0, -3.5465075570171767e-26, 1.0, -0.437981886393181, -0.6893542583336599, 0.9452522642008524, -4.586169282291708, -0.2189909431965905, 0.6553228708331701, -0.04363443606149709, -0.42662901252894503, 0.8303024880948698, -4.311836473441241, -0.24080816122733906, 0.4420083645686975, 0.07516879486705569, -0.22880571870618024, 0.7192945068395822, -4.119433005995165, -0.2032237637938112, 0.3276055052156074, 1.3967721887164897e-17, 1.3967721887164897e-17]
s_ref=[1.0, 1.0, 1.0, 1.0, 1.0, 1.0, 1.0, 1.0, 1.0, 1.0, 1.0, 1.0, 1.0, 1.0, 1.0, 1.0, 1.0, 1.0, 1.0, 1.0, 1.0, 1.0, 1.0, 1.0, 1.0, 1.0, 1.0, 1.0, 1.0, 1.0, 1.0, 1.0]
outer=1, inner=8, total=8, ρx=0.01, ρs=0.0
x_ref=[-6.0, -1.0, 2.0, 5.408424102108113e-25, 1.9963051608808808, 0.1323346992648138, -4.75046185488989, -0.9834581625918983, 2.9981525804404403, 0.0661673496324069, 1.9938441438454668, -0.1432654982507837, -3.002155046688986, -0.9682826750570428, 3.995074652363174, -0.005465399492984944, 1.9815873264194597, -0.10044436878021419, -0.7569193047049669, -0.9835709209010621, 4.985868315572904, -0.055687583883092036, -1.0629515735263398e-16, -1.0629515735263398e-16, 1.0, -5.0, -3.5465075570171767e-26, 1.0, -0.437981886393181, -0.6893542583336599, 0.9452522642008524, -4.586169282291708, -0.2189909431965905, 0.6553228708331701, -0.04363443606149709, -0.42662901252894503, 0.8303024880948698, -4.311836473441241, -0.24080816122733906, 0.4420083645686975, 0.07516879486705569, -0.22880571870618024, 0.7192945068395822, -4.119433005995165, -0.2032237637938112, 0.3276055052156074, 1.3967721887164897e-17, 1.3967721887164897e-17]
s_ref=[1.0, 1.0, 1.0, 1.0, 1.0, 1.0, 1.0, 1.0, 1.0, 1.0, 1.0, 1.0, 1.0, 1.0, 1.0, 1.0, 1.0, 1.0, 1.0, 1.0, 1.0, 1.0, 1.0, 1.0, 1.0, 1.0, 1.0, 1.0, 1.0, 1.0, 1.0, 1.0]
outer=1, inner=9, total=9, ρx=0.01, ρs=0.0
x_ref=[-6.0, -1.0, 2.0, 5.408424102108113e-25, 1.9963051608808808, 0.1323346992648138, -4.75046185488989, -0.9834581625918983, 2.9981525804404403, 0.0661673496324069, 1.9938441438454668, -0.1432654982507837, -3.002155046688986, -0.9682826750570428, 3.995074652363174, -0.005465399492984944, 1.9815873264194597, -0.10044436878021419, -0.7569193047049669, -0.9835709209010621, 4.985868315572904, -0.055687583883092036, -1.0629515735263398e-16, -1.0629515735263398e-16, 1.0, -5.0, -3.5465075570171767e-26, 1.0, -0.437981886393181, -0.6893542583336599, 0.9452522642008524, -4.586169282291708, -0.2189909431965905, 0.6553228708331701, -0.04363443606149709, -0.42662901252894503, 0.8303024880948698, -4.311836473441241, -0.24080816122733906, 0.4420083645686975, 0.07516879486705569, -0.22880571870618024, 0.7192945068395822, -4.119433005995165, -0.2032237637938112, 0.3276055052156074, 1.3967721887164897e-17, 1.3967721887164897e-17]
s_ref=[1.0, 1.0, 1.0, 1.0, 1.0, 1.0, 1.0, 1.0, 1.0, 1.0, 1.0, 1.0, 1.0, 1.0, 1.0, 1.0, 1.0, 1.0, 1.0, 1.0, 1.0, 1.0, 1.0, 1.0, 1.0, 1.0, 1.0, 1.0, 1.0, 1.0, 1.0, 1.0]
outer=1, inner=10, total=10, ρx=0.01, ρs=0.0
x_ref=[-6.0, -1.0, 2.0, 5.408424102108113e-25, 1.9963051608808808, 0.1323346992648138, -4.75046185488989, -0.9834581625918983, 2.9981525804404403, 0.0661673496324069, 1.9938441438454668, -0.1432654982507837, -3.002155046688986, -0.9682826750570428, 3.995074652363174, -0.005465399492984944, 1.9815873264194597, -0.10044436878021419, -0.7569193047049669, -0.9835709209010621, 4.985868315572904, -0.055687583883092036, -1.0629515735263398e-16, -1.0629515735263398e-16, 1.0, -5.0, -3.5465075570171767e-26, 1.0, -0.437981886393181, -0.6893542583336599, 0.9452522642008524, -4.586169282291708, -0.2189909431965905, 0.6553228708331701, -0.04363443606149709, -0.42662901252894503, 0.8303024880948698, -4.311836473441241, -0.24080816122733906, 0.4420083645686975, 0.07516879486705569, -0.22880571870618024, 0.7192945068395822, -4.119433005995165, -0.2032237637938112, 0.3276055052156074, 1.3967721887164897e-17, 1.3967721887164897e-17]
s_ref=[1.0, 1.0, 1.0, 1.0, 1.0, 1.0, 1.0, 1.0, 1.0, 1.0, 1.0, 1.0, 1.0, 1.0, 1.0, 1.0, 1.0, 1.0, 1.0, 1.0, 1.0, 1.0, 1.0, 1.0, 1.0, 1.0, 1.0, 1.0, 1.0, 1.0, 1.0, 1.0]
outer=1, inner=11, total=11, ρx=0.01, ρs=0.0
x_ref=[-6.0, -1.0, 2.0, 5.408424102108113e-25, 1.9963051608808808, 0.1323346992648138, -4.75046185488989, -0.9834581625918983, 2.9981525804404403, 0.0661673496324069, 1.9938441438454668, -0.1432654982507837, -3.002155046688986, -0.9682826750570428, 3.995074652363174, -0.005465399492984944, 1.9815873264194597, -0.10044436878021419, -0.7569193047049669, -0.9835709209010621, 4.985868315572904, -0.055687583883092036, -1.0629515735263398e-16, -1.0629515735263398e-16, 1.0, -5.0, -3.5465075570171767e-26, 1.0, -0.437981886393181, -0.6893542583336599, 0.9452522642008524, -4.586169282291708, -0.2189909431965905, 0.6553228708331701, -0.04363443606149709, -0.42662901252894503, 0.8303024880948698, -4.311836473441241, -0.24080816122733906, 0.4420083645686975, 0.07516879486705569, -0.22880571870618024, 0.7192945068395822, -4.119433005995165, -0.2032237637938112, 0.3276055052156074, 1.3967721887164897e-17, 1.3967721887164897e-17]
s_ref=[1.0, 1.0, 1.0, 1.0, 1.0, 1.0, 1.0, 1.0, 1.0, 1.0, 1.0, 1.0, 1.0, 1.0, 1.0, 1.0, 1.0, 1.0, 1.0, 1.0, 1.0, 1.0, 1.0, 1.0, 1.0, 1.0, 1.0, 1.0, 1.0, 1.0, 1.0, 1.0]

[rho updates]
outer=1, stability=neutral, ρx: 0.01 -> 0.01, ρs: 0.0 -> 0.0
residual: 70.32071836935356 -> 1.3378640932251557e-9, avg_step=0.5284090909090909, min_step=0.0625
