file = solution_dict_instance_1_eps0.0009765625.jld2
outer trace entries = 1
inner trace entries = 14

[outer trace]
outer=1, ρx=0.01, ρs=0.0
x_ref=[-6.0, -1.0, 2.0, -5.578233561693533e-20, 1.9997685532498461, 0.11576938006570266, -4.7500289308437695, -0.9855288274917872, 2.999884276624923, 0.05788469003285133, 1.9996142640560237, -0.1550870488960572, -3.0001350095243047, -0.9759723635873686, 3.999691408652935, -0.019658834415177278, 1.9988430070324887, -0.10509336782067326, -0.7504339293187761, -0.9989384517725415, 4.9991129121691795, -0.0722055183255139, 5.678466120496108e-17, 5.678466120496108e-17, 1.0, -5.0, 2.905365537501407e-22, 1.0, -0.43538165798659756, -0.6994699378093718, 0.9455772927516752, -4.587433742226172, -0.21769082899329878, 0.6502650310953141, -0.04180320719177831, -0.4286593244648994, 0.8315064773560537, -4.315883642236627, -0.2385924325891879, 0.4359353688628644, 0.07591185448489486, -0.2288401938707264, 0.7216992428720715, -4.126520982039035, -0.20063650534674052, 0.3215152719275012, -6.344043304609192e-18, -6.344043304609192e-18]
s_ref=[1.0, 1.0, 1.0, 1.0, 1.0, 1.0, 1.0, 1.0, 1.0, 1.0, 1.0, 1.0, 1.0, 1.0, 1.0, 1.0, 1.0, 1.0, 1.0, 1.0, 1.0, 1.0, 1.0, 1.0, 1.0, 1.0, 1.0, 1.0, 1.0, 1.0, 1.0, 1.0]

[inner trace]
outer=1, inner=1, total=1, ρx=0.01, ρs=0.0
x_ref=[-6.0, -1.0, 2.0, -5.578233561693533e-20, 1.9997685532498461, 0.11576938006570266, -4.7500289308437695, -0.9855288274917872, 2.999884276624923, 0.05788469003285133, 1.9996142640560237, -0.1550870488960572, -3.0001350095243047, -0.9759723635873686, 3.999691408652935, -0.019658834415177278, 1.9988430070324887, -0.10509336782067326, -0.7504339293187761, -0.9989384517725415, 4.9991129121691795, -0.0722055183255139, 5.678466120496108e-17, 5.678466120496108e-17, 1.0, -5.0, 2.905365537501407e-22, 1.0, -0.43538165798659756, -0.6994699378093718, 0.9455772927516752, -4.587433742226172, -0.21769082899329878, 0.6502650310953141, -0.04180320719177831, -0.4286593244648994, 0.8315064773560537, -4.315883642236627, -0.2385924325891879, 0.4359353688628644, 0.07591185448489486, -0.2288401938707264, 0.7216992428720715, -4.126520982039035, -0.20063650534674052, 0.3215152719275012, -6.344043304609192e-18, -6.344043304609192e-18]
s_ref=[1.0, 1.0, 1.0, 1.0, 1.0, 1.0, 1.0, 1.0, 1.0, 1.0, 1.0, 1.0, 1.0, 1.0, 1.0, 1.0, 1.0, 1.0, 1.0, 1.0, 1.0, 1.0, 1.0, 1.0, 1.0, 1.0, 1.0, 1.0, 1.0, 1.0, 1.0, 1.0]
outer=1, inner=2, total=2, ρx=0.01, ρs=0.0
x_ref=[-6.0, -1.0, 2.0, -5.578233561693533e-20, 1.9997685532498461, 0.11576938006570266, -4.7500289308437695, -0.9855288274917872, 2.999884276624923, 0.05788469003285133, 1.9996142640560237, -0.1550870488960572, -3.0001350095243047, -0.9759723635873686, 3.999691408652935, -0.019658834415177278, 1.9988430070324887, -0.10509336782067326, -0.7504339293187761, -0.9989384517725415, 4.9991129121691795, -0.0722055183255139, 5.678466120496108e-17, 5.678466120496108e-17, 1.0, -5.0, 2.905365537501407e-22, 1.0, -0.43538165798659756, -0.6994699378093718, 0.9455772927516752, -4.587433742226172, -0.21769082899329878, 0.6502650310953141, -0.04180320719177831, -0.4286593244648994, 0.8315064773560537, -4.315883642236627, -0.2385924325891879, 0.4359353688628644, 0.07591185448489486, -0.2288401938707264, 0.7216992428720715, -4.126520982039035, -0.20063650534674052, 0.3215152719275012, -6.344043304609192e-18, -6.344043304609192e-18]
s_ref=[1.0, 1.0, 1.0, 1.0, 1.0, 1.0, 1.0, 1.0, 1.0, 1.0, 1.0, 1.0, 1.0, 1.0, 1.0, 1.0, 1.0, 1.0, 1.0, 1.0, 1.0, 1.0, 1.0, 1.0, 1.0, 1.0, 1.0, 1.0, 1.0, 1.0, 1.0, 1.0]
outer=1, inner=3, total=3, ρx=0.01, ρs=0.0
x_ref=[-6.0, -1.0, 2.0, -5.578233561693533e-20, 1.9997685532498461, 0.11576938006570266, -4.7500289308437695, -0.9855288274917872, 2.999884276624923, 0.05788469003285133, 1.9996142640560237, -0.1550870488960572, -3.0001350095243047, -0.9759723635873686, 3.999691408652935, -0.019658834415177278, 1.9988430070324887, -0.10509336782067326, -0.7504339293187761, -0.9989384517725415, 4.9991129121691795, -0.0722055183255139, 5.678466120496108e-17, 5.678466120496108e-17, 1.0, -5.0, 2.905365537501407e-22, 1.0, -0.43538165798659756, -0.6994699378093718, 0.9455772927516752, -4.587433742226172, -0.21769082899329878, 0.6502650310953141, -0.04180320719177831, -0.4286593244648994, 0.8315064773560537, -4.315883642236627, -0.2385924325891879, 0.4359353688628644, 0.07591185448489486, -0.2288401938707264, 0.7216992428720715, -4.126520982039035, -0.20063650534674052, 0.3215152719275012, -6.344043304609192e-18, -6.344043304609192e-18]
s_ref=[1.0, 1.0, 1.0, 1.0, 1.0, 1.0, 1.0, 1.0, 1.0, 1.0, 1.0, 1.0, 1.0, 1.0, 1.0, 1.0, 1.0, 1.0, 1.0, 1.0, 1.0, 1.0, 1.0, 1.0, 1.0, 1.0, 1.0, 1.0, 1.0, 1.0, 1.0, 1.0]
outer=1, inner=4, total=4, ρx=0.01, ρs=0.0
x_ref=[-6.0, -1.0, 2.0, -5.578233561693533e-20, 1.9997685532498461, 0.11576938006570266, -4.7500289308437695, -0.9855288274917872, 2.999884276624923, 0.05788469003285133, 1.9996142640560237, -0.1550870488960572, -3.0001350095243047, -0.9759723635873686, 3.999691408652935, -0.019658834415177278, 1.9988430070324887, -0.10509336782067326, -0.7504339293187761, -0.9989384517725415, 4.9991129121691795, -0.0722055183255139, 5.678466120496108e-17, 5.678466120496108e-17, 1.0, -5.0, 2.905365537501407e-22, 1.0, -0.43538165798659756, -0.6994699378093718, 0.9455772927516752, -4.587433742226172, -0.21769082899329878, 0.6502650310953141, -0.04180320719177831, -0.4286593244648994, 0.8315064773560537, -4.315883642236627, -0.2385924325891879, 0.4359353688628644, 0.07591185448489486, -0.2288401938707264, 0.7216992428720715, -4.126520982039035, -0.20063650534674052, 0.3215152719275012, -6.344043304609192e-18, -6.344043304609192e-18]
s_ref=[1.0, 1.0, 1.0, 1.0, 1.0, 1.0, 1.0, 1.0, 1.0, 1.0, 1.0, 1.0, 1.0, 1.0, 1.0, 1.0, 1.0, 1.0, 1.0, 1.0, 1.0, 1.0, 1.0, 1.0, 1.0, 1.0, 1.0, 1.0, 1.0, 1.0, 1.0, 1.0]
outer=1, inner=5, total=5, ρx=0.01, ρs=0.0
x_ref=[-6.0, -1.0, 2.0, -5.578233561693533e-20, 1.9997685532498461, 0.11576938006570266, -4.7500289308437695, -0.9855288274917872, 2.999884276624923, 0.05788469003285133, 1.9996142640560237, -0.1550870488960572, -3.0001350095243047, -0.9759723635873686, 3.999691408652935, -0.019658834415177278, 1.9988430070324887, -0.10509336782067326, -0.7504339293187761, -0.9989384517725415, 4.9991129121691795, -0.0722055183255139, 5.678466120496108e-17, 5.678466120496108e-17, 1.0, -5.0, 2.905365537501407e-22, 1.0, -0.43538165798659756, -0.6994699378093718, 0.9455772927516752, -4.587433742226172, -0.21769082899329878, 0.6502650310953141, -0.04180320719177831, -0.4286593244648994, 0.8315064773560537, -4.315883642236627, -0.2385924325891879, 0.4359353688628644, 0.07591185448489486, -0.2288401938707264, 0.7216992428720715, -4.126520982039035, -0.20063650534674052, 0.3215152719275012, -6.344043304609192e-18, -6.344043304609192e-18]
s_ref=[1.0, 1.0, 1.0, 1.0, 1.0, 1.0, 1.0, 1.0, 1.0, 1.0, 1.0, 1.0, 1.0, 1.0, 1.0, 1.0, 1.0, 1.0, 1.0, 1.0, 1.0, 1.0, 1.0, 1.0, 1.0, 1.0, 1.0, 1.0, 1.0, 1.0, 1.0, 1.0]
outer=1, inner=6, total=6, ρx=0.01, ρs=0.0
x_ref=[-6.0, -1.0, 2.0, -5.578233561693533e-20, 1.9997685532498461, 0.11576938006570266, -4.7500289308437695, -0.9855288274917872, 2.999884276624923, 0.05788469003285133, 1.9996142640560237, -0.1550870488960572, -3.0001350095243047, -0.9759723635873686, 3.999691408652935, -0.019658834415177278, 1.9988430070324887, -0.10509336782067326, -0.7504339293187761, -0.9989384517725415, 4.9991129121691795, -0.0722055183255139, 5.678466120496108e-17, 5.678466120496108e-17, 1.0, -5.0, 2.905365537501407e-22, 1.0, -0.43538165798659756, -0.6994699378093718, 0.9455772927516752, -4.587433742226172, -0.21769082899329878, 0.6502650310953141, -0.04180320719177831, -0.4286593244648994, 0.8315064773560537, -4.315883642236627, -0.2385924325891879, 0.4359353688628644, 0.07591185448489486, -0.2288401938707264, 0.7216992428720715, -4.126520982039035, -0.20063650534674052, 0.3215152719275012, -6.344043304609192e-18, -6.344043304609192e-18]
s_ref=[1.0, 1.0, 1.0, 1.0, 1.0, 1.0, 1.0, 1.0, 1.0, 1.0, 1.0, 1.0, 1.0, 1.0, 1.0, 1.0, 1.0, 1.0, 1.0, 1.0, 1.0, 1.0, 1.0, 1.0, 1.0, 1.0, 1.0, 1.0, 1.0, 1.0, 1.0, 1.0]
outer=1, inner=7, total=7, ρx=0.01, ρs=0.0
x_ref=[-6.0, -1.0, 2.0, -5.578233561693533e-20, 1.9997685532498461, 0.11576938006570266, -4.7500289308437695, -0.9855288274917872, 2.999884276624923, 0.05788469003285133, 1.9996142640560237, -0.1550870488960572, -3.0001350095243047, -0.9759723635873686, 3.999691408652935, -0.019658834415177278, 1.9988430070324887, -0.10509336782067326, -0.7504339293187761, -0.9989384517725415, 4.9991129121691795, -0.0722055183255139, 5.678466120496108e-17, 5.678466120496108e-17, 1.0, -5.0, 2.905365537501407e-22, 1.0, -0.43538165798659756, -0.6994699378093718, 0.9455772927516752, -4.587433742226172, -0.21769082899329878, 0.6502650310953141, -0.04180320719177831, -0.4286593244648994, 0.8315064773560537, -4.315883642236627, -0.2385924325891879, 0.4359353688628644, 0.07591185448489486, -0.2288401938707264, 0.7216992428720715, -4.126520982039035, -0.20063650534674052, 0.3215152719275012, -6.344043304609192e-18, -6.344043304609192e-18]
s_ref=[1.0, 1.0, 1.0, 1.0, 1.0, 1.0, 1.0, 1.0, 1.0, 1.0, 1.0, 1.0, 1.0, 1.0, 1.0, 1.0, 1.0, 1.0, 1.0, 1.0, 1.0, 1.0, 1.0, 1.0, 1.0, 1.0, 1.0, 1.0, 1.0, 1.0, 1.0, 1.0]
outer=1, inner=8, total=8, ρx=0.01, ρs=0.0
x_ref=[-6.0, -1.0, 2.0, -5.578233561693533e-20, 1.9997685532498461, 0.11576938006570266, -4.7500289308437695, -0.9855288274917872, 2.999884276624923, 0.05788469003285133, 1.9996142640560237, -0.1550870488960572, -3.0001350095243047, -0.9759723635873686, 3.999691408652935, -0.019658834415177278, 1.9988430070324887, -0.10509336782067326, -0.7504339293187761, -0.9989384517725415, 4.9991129121691795, -0.0722055183255139, 5.678466120496108e-17, 5.678466120496108e-17, 1.0, -5.0, 2.905365537501407e-22, 1.0, -0.43538165798659756, -0.6994699378093718, 0.9455772927516752, -4.587433742226172, -0.21769082899329878, 0.6502650310953141, -0.04180320719177831, -0.4286593244648994, 0.8315064773560537, -4.315883642236627, -0.2385924325891879, 0.4359353688628644, 0.07591185448489486, -0.2288401938707264, 0.7216992428720715, -4.126520982039035, -0.20063650534674052, 0.3215152719275012, -6.344043304609192e-18, -6.344043304609192e-18]
s_ref=[1.0, 1.0, 1.0, 1.0, 1.0, 1.0, 1.0, 1.0, 1.0, 1.0, 1.0, 1.0, 1.0, 1.0, 1.0, 1.0, 1.0, 1.0, 1.0, 1.0, 1.0, 1.0, 1.0, 1.0, 1.0, 1.0, 1.0, 1.0, 1.0, 1.0, 1.0, 1.0]
outer=1, inner=9, total=9, ρx=0.01, ρs=0.0
x_ref=[-6.0, -1.0, 2.0, -5.578233561693533e-20, 1.9997685532498461, 0.11576938006570266, -4.7500289308437695, -0.9855288274917872, 2.999884276624923, 0.05788469003285133, 1.9996142640560237, -0.1550870488960572, -3.0001350095243047, -0.9759723635873686, 3.999691408652935, -0.019658834415177278, 1.9988430070324887, -0.10509336782067326, -0.7504339293187761, -0.9989384517725415, 4.9991129121691795, -0.0722055183255139, 5.678466120496108e-17, 5.678466120496108e-17, 1.0, -5.0, 2.905365537501407e-22, 1.0, -0.43538165798659756, -0.6994699378093718, 0.9455772927516752, -4.587433742226172, -0.21769082899329878, 0.6502650310953141, -0.04180320719177831, -0.4286593244648994, 0.8315064773560537, -4.315883642236627, -0.2385924325891879, 0.4359353688628644, 0.07591185448489486, -0.2288401938707264, 0.7216992428720715, -4.126520982039035, -0.20063650534674052, 0.3215152719275012, -6.344043304609192e-18, -6.344043304609192e-18]
s_ref=[1.0, 1.0, 1.0, 1.0, 1.0, 1.0, 1.0, 1.0, 1.0, 1.0, 1.0, 1.0, 1.0, 1.0, 1.0, 1.0, 1.0, 1.0, 1.0, 1.0, 1.0, 1.0, 1.0, 1.0, 1.0, 1.0, 1.0, 1.0, 1.0, 1.0, 1.0, 1.0]
outer=1, inner=10, total=10, ρx=0.01, ρs=0.0
x_ref=[-6.0, -1.0, 2.0, -5.578233561693533e-20, 1.9997685532498461, 0.11576938006570266, -4.7500289308437695, -0.9855288274917872, 2.999884276624923, 0.05788469003285133, 1.9996142640560237, -0.1550870488960572, -3.0001350095243047, -0.9759723635873686, 3.999691408652935, -0.019658834415177278, 1.9988430070324887, -0.10509336782067326, -0.7504339293187761, -0.9989384517725415, 4.9991129121691795, -0.0722055183255139, 5.678466120496108e-17, 5.678466120496108e-17, 1.0, -5.0, 2.905365537501407e-22, 1.0, -0.43538165798659756, -0.6994699378093718, 0.9455772927516752, -4.587433742226172, -0.21769082899329878, 0.6502650310953141, -0.04180320719177831, -0.4286593244648994, 0.8315064773560537, -4.315883642236627, -0.2385924325891879, 0.4359353688628644, 0.07591185448489486, -0.2288401938707264, 0.7216992428720715, -4.126520982039035, -0.20063650534674052, 0.3215152719275012, -6.344043304609192e-18, -6.344043304609192e-18]
s_ref=[1.0, 1.0, 1.0, 1.0, 1.0, 1.0, 1.0, 1.0, 1.0, 1.0, 1.0, 1.0, 1.0, 1.0, 1.0, 1.0, 1.0, 1.0, 1.0, 1.0, 1.0, 1.0, 1.0, 1.0, 1.0, 1.0, 1.0, 1.0, 1.0, 1.0, 1.0, 1.0]
outer=1, inner=11, total=11, ρx=0.01, ρs=0.0
x_ref=[-6.0, -1.0, 2.0, -5.578233561693533e-20, 1.9997685532498461, 0.11576938006570266, -4.7500289308437695, -0.9855288274917872, 2.999884276624923, 0.05788469003285133, 1.9996142640560237, -0.1550870488960572, -3.0001350095243047, -0.9759723635873686, 3.999691408652935, -0.019658834415177278, 1.9988430070324887, -0.10509336782067326, -0.7504339293187761, -0.9989384517725415, 4.9991129121691795, -0.0722055183255139, 5.678466120496108e-17, 5.678466120496108e-17, 1.0, -5.0, 2.905365537501407e-22, 1.0, -0.43538165798659756, -0.6994699378093718, 0.9455772927516752, -4.587433742226172, -0.21769082899329878, 0.6502650310953141, -0.04180320719177831, -0.4286593244648994, 0.8315064773560537, -4.315883642236627, -0.2385924325891879, 0.4359353688628644, 0.07591185448489486, -0.2288401938707264, 0.7216992428720715, -4.126520982039035, -0.20063650534674052, 0.3215152719275012, -6.344043304609192e-18, -6.344043304609192e-18]
s_ref=[1.0, 1.0, 1.0, 1.0, 1.0, 1.0, 1.0, 1.0, 1.0, 1.0, 1.0, 1.0, 1.0, 1.0, 1.0, 1.0, 1.0, 1.0, 1.0, 1.0, 1.0, 1.0, 1.0, 1.0, 1.0, 1.0, 1.0, 1.0, 1.0, 1.0, 1.0, 1.0]
outer=1, inner=12, total=12, ρx=0.01, ρs=0.0
x_ref=[-6.0, -1.0, 2.0, -5.578233561693533e-20, 1.9997685532498461, 0.11576938006570266, -4.7500289308437695, -0.9855288274917872, 2.999884276624923, 0.05788469003285133, 1.9996142640560237, -0.1550870488960572, -3.0001350095243047, -0.9759723635873686, 3.999691408652935, -0.019658834415177278, 1.9988430070324887, -0.10509336782067326, -0.7504339293187761, -0.9989384517725415, 4.9991129121691795, -0.0722055183255139, 5.678466120496108e-17, 5.678466120496108e-17, 1.0, -5.0, 2.905365537501407e-22, 1.0, -0.43538165798659756, -0.6994699378093718, 0.9455772927516752, -4.587433742226172, -0.21769082899329878, 0.6502650310953141, -0.04180320719177831, -0.4286593244648994, 0.8315064773560537, -4.315883642236627, -0.2385924325891879, 0.4359353688628644, 0.07591185448489486, -0.2288401938707264, 0.7216992428720715, -4.126520982039035, -0.20063650534674052, 0.3215152719275012, -6.344043304609192e-18, -6.344043304609192e-18]
s_ref=[1.0, 1.0, 1.0, 1.0, 1.0, 1.0, 1.0, 1.0, 1.0, 1.0, 1.0, 1.0, 1.0, 1.0, 1.0, 1.0, 1.0, 1.0, 1.0, 1.0, 1.0, 1.0, 1.0, 1.0, 1.0, 1.0, 1.0, 1.0, 1.0, 1.0, 1.0, 1.0]
outer=1, inner=13, total=13, ρx=0.01, ρs=0.0
x_ref=[-6.0, -1.0, 2.0, -5.578233561693533e-20, 1.9997685532498461, 0.11576938006570266, -4.7500289308437695, -0.9855288274917872, 2.999884276624923, 0.05788469003285133, 1.9996142640560237, -0.1550870488960572, -3.0001350095243047, -0.9759723635873686, 3.999691408652935, -0.019658834415177278, 1.9988430070324887, -0.10509336782067326, -0.7504339293187761, -0.9989384517725415, 4.9991129121691795, -0.0722055183255139, 5.678466120496108e-17, 5.678466120496108e-17, 1.0, -5.0, 2.905365537501407e-22, 1.0, -0.43538165798659756, -0.6994699378093718, 0.9455772927516752, -4.587433742226172, -0.21769082899329878, 0.6502650310953141, -0.04180320719177831, -0.4286593244648994, 0.8315064773560537, -4.315883642236627, -0.2385924325891879, 0.4359353688628644, 0.07591185448489486, -0.2288401938707264, 0.7216992428720715, -4.126520982039035, -0.20063650534674052, 0.3215152719275012, -6.344043304609192e-18, -6.344043304609192e-18]
s_ref=[1.0, 1.0, 1.0, 1.0, 1.0, 1.0, 1.0, 1.0, 1.0, 1.0, 1.0, 1.0, 1.0, 1.0, 1.0, 1.0, 1.0, 1.0, 1.0, 1.0, 1.0, 1.0, 1.0, 1.0, 1.0, 1.0, 1.0, 1.0, 1.0, 1.0, 1.0, 1.0]
outer=1, inner=14, total=14, ρx=0.01, ρs=0.0
x_ref=[-6.0, -1.0, 2.0, -5.578233561693533e-20, 1.9997685532498461, 0.11576938006570266, -4.7500289308437695, -0.9855288274917872, 2.999884276624923, 0.05788469003285133, 1.9996142640560237, -0.1550870488960572, -3.0001350095243047, -0.9759723635873686, 3.999691408652935, -0.019658834415177278, 1.9988430070324887, -0.10509336782067326, -0.7504339293187761, -0.9989384517725415, 4.9991129121691795, -0.0722055183255139, 5.678466120496108e-17, 5.678466120496108e-17, 1.0, -5.0, 2.905365537501407e-22, 1.0, -0.43538165798659756, -0.6994699378093718, 0.9455772927516752, -4.587433742226172, -0.21769082899329878, 0.6502650310953141, -0.04180320719177831, -0.4286593244648994, 0.8315064773560537, -4.315883642236627, -0.2385924325891879, 0.4359353688628644, 0.07591185448489486, -0.2288401938707264, 0.7216992428720715, -4.126520982039035, -0.20063650534674052, 0.3215152719275012, -6.344043304609192e-18, -6.344043304609192e-18]
s_ref=[1.0, 1.0, 1.0, 1.0, 1.0, 1.0, 1.0, 1.0, 1.0, 1.0, 1.0, 1.0, 1.0, 1.0, 1.0, 1.0, 1.0, 1.0, 1.0, 1.0, 1.0, 1.0, 1.0, 1.0, 1.0, 1.0, 1.0, 1.0, 1.0, 1.0, 1.0, 1.0]

[rho updates]
outer=1, stability=neutral, ρx: 0.01 -> 0.01, ρs: 0.0 -> 0.0
residual: 70.46629841271374 -> 1.0199211895829126e-8, avg_step=0.48660714285714285, min_step=0.0625
