file = solution_dict_instance_1_eps0.03125.jld2
outer trace entries = 1
inner trace entries = 11

[outer trace]
outer=1, ρx=0.01, ρs=0.0
x_ref=[-6.0, -1.0, 2.0, 1.7564078975394793e-23, 1.9926279381246297, 0.14884762171878113, -4.750921507734422, -0.9813940472851524, 2.996313969062315, 0.07442381085939057, 1.9877220548572054, -0.13143922773033295, -3.004299266346113, -0.9606120453217487, 3.990174996490918, 0.008704196994224088, 1.9633852635510052, -0.09581079949340418, -0.7637886101567786, -0.9682362967613123, 4.971867628266421, -0.039201202752478, 7.830182456367003e-17, 7.830182456367003e-17, 1.0, -5.0, -5.106970968508471e-24, 1.0, -0.44067688343196415, -0.6789092092488248, 0.9449153895710045, -4.584863651156103, -0.22033844171598208, 0.6605453953755875, -0.04555369242123871, -0.42440799474434543, 0.8290519571603586, -4.307641952811353, -0.24311528792660145, 0.44834139800341477, 0.07437891136835811, -0.2287013414867947, 0.7167916771181027, -4.112058921495495, -0.2059258322424224, 0.33399072726001744, 5.869159224352728e-18, 5.869159224352728e-18]
s_ref=[1.0, 1.0, 1.0, 1.0, 1.0, 1.0, 1.0, 1.0, 1.0, 1.0, 1.0, 1.0, 1.0, 1.0, 1.0, 1.0, 1.0, 1.0, 1.0, 1.0, 1.0, 1.0, 1.0, 1.0, 1.0, 1.0, 1.0, 1.0, 1.0, 1.0, 1.0, 1.0]

[inner trace]
outer=1, inner=1, total=1, ρx=0.01, ρs=0.0
x_ref=[-6.0, -1.0, 2.0, 1.7564078975394793e-23, 1.9926279381246297, 0.14884762171878113, -4.750921507734422, -0.9813940472851524, 2.996313969062315, 0.07442381085939057, 1.9877220548572054, -0.13143922773033295, -3.004299266346113, -0.9606120453217487, 3.990174996490918, 0.008704196994224088, 1.9633852635510052, -0.09581079949340418, -0.7637886101567786, -0.9682362967613123, 4.971867628266421, -0.039201202752478, 7.830182456367003e-17, 7.830182456367003e-17, 1.0, -5.0, -5.106970968508471e-24, 1.0, -0.44067688343196415, -0.6789092092488248, 0.9449153895710045, -4.584863651156103, -0.22033844171598208, 0.6605453953755875, -0.04555369242123871, -0.42440799474434543, 0.8290519571603586, -4.307641952811353, -0.24311528792660145, 0.44834139800341477, 0.07437891136835811, -0.2287013414867947, 0.7167916771181027, -4.112058921495495, -0.2059258322424224, 0.33399072726001744, 5.869159224352728e-18, 5.869159224352728e-18]
s_ref=[1.0, 1.0, 1.0, 1.0, 1.0, 1.0, 1.0, 1.0, 1.0, 1.0, 1.0, 1.0, 1.0, 1.0, 1.0, 1.0, 1.0, 1.0, 1.0, 1.0, 1.0, 1.0, 1.0, 1.0, 1.0, 1.0, 1.0, 1.0, 1.0, 1.0, 1.0, 1.0]
outer=1, inner=2, total=2, ρx=0.01, ρs=0.0
x_ref=[-6.0, -1.0, 2.0, 1.7564078975394793e-23, 1.9926279381246297, 0.14884762171878113, -4.750921507734422, -0.9813940472851524, 2.996313969062315, 0.07442381085939057, 1.9877220548572054, -0.13143922773033295, -3.004299266346113, -0.9606120453217487, 3.990174996490918, 0.008704196994224088, 1.9633852635510052, -0.09581079949340418, -0.7637886101567786, -0.9682362967613123, 4.971867628266421, -0.039201202752478, 7.830182456367003e-17, 7.830182456367003e-17, 1.0, -5.0, -5.106970968508471e-24, 1.0, -0.44067688343196415, -0.6789092092488248, 0.9449153895710045, -4.584863651156103, -0.22033844171598208, 0.6605453953755875, -0.04555369242123871, -0.42440799474434543, 0.8290519571603586, -4.307641952811353, -0.24311528792660145, 0.44834139800341477, 0.07437891136835811, -0.2287013414867947, 0.7167916771181027, -4.112058921495495, -0.2059258322424224, 0.33399072726001744, 5.869159224352728e-18, 5.869159224352728e-18]
s_ref=[1.0, 1.0, 1.0, 1.0, 1.0, 1.0, 1.0, 1.0, 1.0, 1.0, 1.0, 1.0, 1.0, 1.0, 1.0, 1.0, 1.0, 1.0, 1.0, 1.0, 1.0, 1.0, 1.0, 1.0, 1.0, 1.0, 1.0, 1.0, 1.0, 1.0, 1.0, 1.0]
outer=1, inner=3, total=3, ρx=0.01, ρs=0.0
x_ref=[-6.0, -1.0, 2.0, 1.7564078975394793e-23, 1.9926279381246297, 0.14884762171878113, -4.750921507734422, -0.9813940472851524, 2.996313969062315, 0.07442381085939057, 1.9877220548572054, -0.13143922773033295, -3.004299266346113, -0.9606120453217487, 3.990174996490918, 0.008704196994224088, 1.9633852635510052, -0.09581079949340418, -0.7637886101567786, -0.9682362967613123, 4.971867628266421, -0.039201202752478, 7.830182456367003e-17, 7.830182456367003e-17, 1.0, -5.0, -5.106970968508471e-24, 1.0, -0.44067688343196415, -0.6789092092488248, 0.9449153895710045, -4.584863651156103, -0.22033844171598208, 0.6605453953755875, -0.04555369242123871, -0.42440799474434543, 0.8290519571603586, -4.307641952811353, -0.24311528792660145, 0.44834139800341477, 0.07437891136835811, -0.2287013414867947, 0.7167916771181027, -4.112058921495495, -0.2059258322424224, 0.33399072726001744, 5.869159224352728e-18, 5.869159224352728e-18]
s_ref=[1.0, 1.0, 1.0, 1.0, 1.0, 1.0, 1.0, 1.0, 1.0, 1.0, 1.0, 1.0, 1.0, 1.0, 1.0, 1.0, 1.0, 1.0, 1.0, 1.0, 1.0, 1.0, 1.0, 1.0, 1.0, 1.0, 1.0, 1.0, 1.0, 1.0, 1.0, 1.0]
outer=1, inner=4, total=4, ρx=0.01, ρs=0.0
x_ref=[-6.0, -1.0, 2.0, 1.7564078975394793e-23, 1.9926279381246297, 0.14884762171878113, -4.750921507734422, -0.9813940472851524, 2.996313969062315, 0.07442381085939057, 1.9877220548572054, -0.13143922773033295, -3.004299266346113, -0.9606120453217487, 3.990174996490918, 0.008704196994224088, 1.9633852635510052, -0.09581079949340418, -0.7637886101567786, -0.9682362967613123, 4.971867628266421, -0.039201202752478, 7.830182456367003e-17, 7.830182456367003e-17, 1.0, -5.0, -5.106970968508471e-24, 1.0, -0.44067688343196415, -0.6789092092488248, 0.9449153895710045, -4.584863651156103, -0.22033844171598208, 0.6605453953755875, -0.04555369242123871, -0.42440799474434543, 0.8290519571603586, -4.307641952811353, -0.24311528792660145, 0.44834139800341477, 0.07437891136835811, -0.2287013414867947, 0.7167916771181027, -4.112058921495495, -0.2059258322424224, 0.33399072726001744, 5.869159224352728e-18, 5.869159224352728e-18]
s_ref=[1.0, 1.0, 1.0, 1.0, 1.0, 1.0, 1.0, 1.0, 1.0, 1.0, 1.0, 1.0, 1.0, 1.0, 1.0, 1.0, 1.0, 1.0, 1.0, 1.0, 1.0, 1.0, 1.0, 1.0, 1.0, 1.0, 1.0, 1.0, 1.0, 1.0, 1.0, 1.0]
outer=1, inner=5, total=5, ρx=0.01, ρs=0.0
x_ref=[-6.0, -1.0, 2.0, 1.7564078975394793e-23, 1.9926279381246297, 0.14884762171878113, -4.750921507734422, -0.9813940472851524, 2.996313969062315, 0.07442381085939057, 1.9877220548572054, -0.13143922773033295, -3.004299266346113, -0.9606120453217487, 3.990174996490918, 0.008704196994224088, 1.9633852635510052, -0.09581079949340418, -0.7637886101567786, -0.9682362967613123, 4.971867628266421, -0.039201202752478, 7.830182456367003e-17, 7.830182456367003e-17, 1.0, -5.0, -5.106970968508471e-24, 1.0, -0.44067688343196415, -0.6789092092488248, 0.9449153895710045, -4.584863651156103, -0.22033844171598208, 0.6605453953755875, -0.04555369242123871, -0.42440799474434543, 0.8290519571603586, -4.307641952811353, -0.24311528792660145, 0.44834139800341477, 0.07437891136835811, -0.2287013414867947, 0.7167916771181027, -4.112058921495495, -0.2059258322424224, 0.33399072726001744, 5.869159224352728e-18, 5.869159224352728e-18]
s_ref=[1.0, 1.0, 1.0, 1.0, 1.0, 1.0, 1.0, 1.0, 1.0, 1.0, 1.0, 1.0, 1.0, 1.0, 1.0, 1.0, 1.0, 1.0, 1.0, 1.0, 1.0, 1.0, 1.0, 1.0, 1.0, 1.0, 1.0, 1.0, 1.0, 1.0, 1.0, 1.0]
outer=1, inner=6, total=6, ρx=0.01, ρs=0.0
x_ref=[-6.0, -1.0, 2.0, 1.7564078975394793e-23, 1.9926279381246297, 0.14884762171878113, -4.750921507734422, -0.9813940472851524, 2.996313969062315, 0.07442381085939057, 1.9877220548572054, -0.13143922773033295, -3.004299266346113, -0.9606120453217487, 3.990174996490918, 0.008704196994224088, 1.9633852635510052, -0.09581079949340418, -0.7637886101567786, -0.9682362967613123, 4.971867628266421, -0.039201202752478, 7.830182456367003e-17, 7.830182456367003e-17, 1.0, -5.0, -5.106970968508471e-24, 1.0, -0.44067688343196415, -0.6789092092488248, 0.9449153895710045, -4.584863651156103, -0.22033844171598208, 0.6605453953755875, -0.04555369242123871, -0.42440799474434543, 0.8290519571603586, -4.307641952811353, -0.24311528792660145, 0.44834139800341477, 0.07437891136835811, -0.2287013414867947, 0.7167916771181027, -4.112058921495495, -0.2059258322424224, 0.33399072726001744, 5.869159224352728e-18, 5.869159224352728e-18]
s_ref=[1.0, 1.0, 1.0, 1.0, 1.0, 1.0, 1.0, 1.0, 1.0, 1.0, 1.0, 1.0, 1.0, 1.0, 1.0, 1.0, 1.0, 1.0, 1.0, 1.0, 1.0, 1.0, 1.0, 1.0, 1.0, 1.0, 1.0, 1.0, 1.0, 1.0, 1.0, 1.0]
outer=1, inner=7, total=7, ρx=0.01, ρs=0.0
x_ref=[-6.0, -1.0, 2.0, 1.7564078975394793e-23, 1.9926279381246297, 0.14884762171878113, -4.750921507734422, -0.9813940472851524, 2.996313969062315, 0.07442381085939057, 1.9877220548572054, -0.13143922773033295, -3.004299266346113, -0.9606120453217487, 3.990174996490918, 0.008704196994224088, 1.9633852635510052, -0.09581079949340418, -0.7637886101567786, -0.9682362967613123, 4.971867628266421, -0.039201202752478, 7.830182456367003e-17, 7.830182456367003e-17, 1.0, -5.0, -5.106970968508471e-24, 1.0, -0.44067688343196415, -0.6789092092488248, 0.9449153895710045, -4.584863651156103, -0.22033844171598208, 0.6605453953755875, -0.04555369242123871, -0.42440799474434543, 0.8290519571603586, -4.307641952811353, -0.24311528792660145, 0.44834139800341477, 0.07437891136835811, -0.2287013414867947, 0.7167916771181027, -4.112058921495495, -0.2059258322424224, 0.33399072726001744, 5.869159224352728e-18, 5.869159224352728e-18]
s_ref=[1.0, 1.0, 1.0, 1.0, 1.0, 1.0, 1.0, 1.0, 1.0, 1.0, 1.0, 1.0, 1.0, 1.0, 1.0, 1.0, 1.0, 1.0, 1.0, 1.0, 1.0, 1.0, 1.0, 1.0, 1.0, 1.0, 1.0, 1.0, 1.0, 1.0, 1.0, 1.0]
outer=1, inner=8, total=8, ρx=0.01, ρs=0.0
x_ref=[-6.0, -1.0, 2.0, 1.7564078975394793e-23, 1.9926279381246297, 0.14884762171878113, -4.750921507734422, -0.9813940472851524, 2.996313969062315, 0.07442381085939057, 1.9877220548572054, -0.13143922773033295, -3.004299266346113, -0.9606120453217487, 3.990174996490918, 0.008704196994224088, 1.9633852635510052, -0.09581079949340418, -0.7637886101567786, -0.9682362967613123, 4.971867628266421, -0.039201202752478, 7.830182456367003e-17, 7.830182456367003e-17, 1.0, -5.0, -5.106970968508471e-24, 1.0, -0.44067688343196415, -0.6789092092488248, 0.9449153895710045, -4.584863651156103, -0.22033844171598208, 0.6605453953755875, -0.04555369242123871, -0.42440799474434543, 0.8290519571603586, -4.307641952811353, -0.24311528792660145, 0.44834139800341477, 0.07437891136835811, -0.2287013414867947, 0.7167916771181027, -4.112058921495495, -0.2059258322424224, 0.33399072726001744, 5.869159224352728e-18, 5.869159224352728e-18]
s_ref=[1.0, 1.0, 1.0, 1.0, 1.0, 1.0, 1.0, 1.0, 1.0, 1.0, 1.0, 1.0, 1.0, 1.0, 1.0, 1.0, 1.0, 1.0, 1.0, 1.0, 1.0, 1.0, 1.0, 1.0, 1.0, 1.0, 1.0, 1.0, 1.0, 1.0, 1.0, 1.0]
outer=1, inner=9, total=9, ρx=0.01, ρs=0.0
x_ref=[-6.0, -1.0, 2.0, 1.7564078975394793e-23, 1.9926279381246297, 0.14884762171878113, -4.750921507734422, -0.9813940472851524, 2.996313969062315, 0.07442381085939057, 1.9877220548572054, -0.13143922773033295, -3.004299266346113, -0.9606120453217487, 3.990174996490918, 0.008704196994224088, 1.9633852635510052, -0.09581079949340418, -0.7637886101567786, -0.9682362967613123, 4.971867628266421, -0.039201202752478, 7.830182456367003e-17, 7.830182456367003e-17, 1.0, -5.0, -5.106970968508471e-24, 1.0, -0.44067688343196415, -0.6789092092488248, 0.9449153895710045, -4.584863651156103, -0.22033844171598208, 0.6605453953755875, -0.04555369242123871, -0.42440799474434543, 0.8290519571603586, -4.307641952811353, -0.24311528792660145, 0.44834139800341477, 0.07437891136835811, -0.2287013414867947, 0.7167916771181027, -4.112058921495495, -0.2059258322424224, 0.33399072726001744, 5.869159224352728e-18, 5.869159224352728e-18]
s_ref=[1.0, 1.0, 1.0, 1.0, 1.0, 1.0, 1.0, 1.0, 1.0, 1.0, 1.0, 1.0, 1.0, 1.0, 1.0, 1.0, 1.0, 1.0, 1.0, 1.0, 1.0, 1.0, 1.0, 1.0, 1.0, 1.0, 1.0, 1.0, 1.0, 1.0, 1.0, 1.0]
outer=1, inner=10, total=10, ρx=0.01, ρs=0.0
x_ref=[-6.0, -1.0, 2.0, 1.7564078975394793e-23, 1.9926279381246297, 0.14884762171878113, -4.750921507734422, -0.9813940472851524, 2.996313969062315, 0.07442381085939057, 1.9877220548572054, -0.13143922773033295, -3.004299266346113, -0.9606120453217487, 3.990174996490918, 0.008704196994224088, 1.9633852635510052, -0.09581079949340418, -0.7637886101567786, -0.9682362967613123, 4.971867628266421, -0.039201202752478, 7.830182456367003e-17, 7.830182456367003e-17, 1.0, -5.0, -5.106970968508471e-24, 1.0, -0.44067688343196415, -0.6789092092488248, 0.9449153895710045, -4.584863651156103, -0.22033844171598208, 0.6605453953755875, -0.04555369242123871, -0.42440799474434543, 0.8290519571603586, -4.307641952811353, -0.24311528792660145, 0.44834139800341477, 0.07437891136835811, -0.2287013414867947, 0.7167916771181027, -4.112058921495495, -0.2059258322424224, 0.33399072726001744, 5.869159224352728e-18, 5.869159224352728e-18]
s_ref=[1.0, 1.0, 1.0, 1.0, 1.0, 1.0, 1.0, 1.0, 1.0, 1.0, 1.0, 1.0, 1.0, 1.0, 1.0, 1.0, 1.0, 1.0, 1.0, 1.0, 1.0, 1.0, 1.0, 1.0, 1.0, 1.0, 1.0, 1.0, 1.0, 1.0, 1.0, 1.0]
outer=1, inner=11, total=11, ρx=0.01, ρs=0.0
x_ref=[-6.0, -1.0, 2.0, 1.7564078975394793e-23, 1.9926279381246297, 0.14884762171878113, -4.750921507734422, -0.9813940472851524, 2.996313969062315, 0.07442381085939057, 1.9877220548572054, -0.13143922773033295, -3.004299266346113, -0.9606120453217487, 3.990174996490918, 0.008704196994224088, 1.9633852635510052, -0.09581079949340418, -0.7637886101567786, -0.9682362967613123, 4.971867628266421, -0.039201202752478, 7.830182456367003e-17, 7.830182456367003e-17, 1.0, -5.0, -5.106970968508471e-24, 1.0, -0.44067688343196415, -0.6789092092488248, 0.9449153895710045, -4.584863651156103, -0.22033844171598208, 0.6605453953755875, -0.04555369242123871, -0.42440799474434543, 0.8290519571603586, -4.307641952811353, -0.24311528792660145, 0.44834139800341477, 0.07437891136835811, -0.2287013414867947, 0.7167916771181027, -4.112058921495495, -0.2059258322424224, 0.33399072726001744, 5.869159224352728e-18, 5.869159224352728e-18]
s_ref=[1.0, 1.0, 1.0, 1.0, 1.0, 1.0, 1.0, 1.0, 1.0, 1.0, 1.0, 1.0, 1.0, 1.0, 1.0, 1.0, 1.0, 1.0, 1.0, 1.0, 1.0, 1.0, 1.0, 1.0, 1.0, 1.0, 1.0, 1.0, 1.0, 1.0, 1.0, 1.0]

[rho updates]
outer=1, stability=neutral, ρx: 0.01 -> 0.01, ρs: 0.0 -> 0.0
residual: 70.1678747189925 -> 1.236391232643777e-10, avg_step=0.5284090909090909, min_step=0.0625
