file = solution_dict_instance_1_eps0.125.jld2
outer trace entries = 1
inner trace entries = 9

[outer trace]
outer=1, ρx=0.01, ρs=0.0
x_ref=[-6.0, -1.0, 2.0, -5.9404002741134605e-25, 1.9709253526247046, 0.2290033307214779, -4.753634330921912, -0.9713745836598152, 2.9854626763123524, 0.11450166536073896, 1.9516823358638313, -0.07335337450323876, -3.0169427007827565, -0.9232929227923505, 3.9613038442442683, 0.07782497810911958, 1.858503296945997, -0.07327537949291538, -0.8039778665423727, -0.8935398561744051, 4.890555492717266, 0.04118728836266189, 3.008820711566396e-17, 3.008820711566396e-17, 1.0, -5.0, -5.674412179135652e-25, 1.0, -0.455339808635815, -0.6224412177479274, 0.9430825239205232, -4.577805152218491, -0.2276699043179075, 0.6887793911260363, -0.05637913440424762, -0.4103453791940234, 0.8222001799610383, -4.284708629054727, -0.25585947152003136, 0.4836067015290246, 0.06972415859425729, -0.22693478030590614, 0.7029859640253048, -4.071272125828452, -0.2209973922229027, 0.37013931137607153, 5.409694502427772e-17, 5.409694502427772e-17]
s_ref=[1.0, 1.0, 1.0, 1.0, 1.0, 1.0, 1.0, 1.0, 1.0, 1.0, 1.0, 1.0, 1.0, 1.0, 1.0, 1.0, 1.0, 1.0, 1.0, 1.0, 1.0, 1.0, 1.0, 1.0, 1.0, 1.0, 1.0, 1.0, 1.0, 1.0, 1.0, 1.0]

[inner trace]
outer=1, inner=1, total=1, ρx=0.01, ρs=0.0
x_ref=[-6.0, -1.0, 2.0, -5.9404002741134605e-25, 1.9709253526247046, 0.2290033307214779, -4.753634330921912, -0.9713745836598152, 2.9854626763123524, 0.11450166536073896, 1.9516823358638313, -0.07335337450323876, -3.0169427007827565, -0.9232929227923505, 3.9613038442442683, 0.07782497810911958, 1.858503296945997, -0.07327537949291538, -0.8039778665423727, -0.8935398561744051, 4.890555492717266, 0.04118728836266189, 3.008820711566396e-17, 3.008820711566396e-17, 1.0, -5.0, -5.674412179135652e-25, 1.0, -0.455339808635815, -0.6224412177479274, 0.9430825239205232, -4.577805152218491, -0.2276699043179075, 0.6887793911260363, -0.05637913440424762, -0.4103453791940234, 0.8222001799610383, -4.284708629054727, -0.25585947152003136, 0.4836067015290246, 0.06972415859425729, -0.22693478030590614, 0.7029859640253048, -4.071272125828452, -0.2209973922229027, 0.37013931137607153, 5.409694502427772e-17, 5.409694502427772e-17]
s_ref=[1.0, 1.0, 1.0, 1.0, 1.0, 1.0, 1.0, 1.0, 1.0, 1.0, 1.0, 1.0, 1.0, 1.0, 1.0, 1.0, 1.0, 1.0, 1.0, 1.0, 1.0, 1.0, 1.0, 1.0, 1.0, 1.0, 1.0, 1.0, 1.0, 1.0, 1.0, 1.0]
outer=1, inner=2, total=2, ρx=0.01, ρs=0.0
x_ref=[-6.0, -1.0, 2.0, -5.9404002741134605e-25, 1.9709253526247046, 0.2290033307214779, -4.753634330921912, -0.9713745836598152, 2.9854626763123524, 0.11450166536073896, 1.9516823358638313, -0.07335337450323876, -3.0169427007827565, -0.9232929227923505, 3.9613038442442683, 0.07782497810911958, 1.858503296945997, -0.07327537949291538, -0.8039778665423727, -0.8935398561744051, 4.890555492717266, 0.04118728836266189, 3.008820711566396e-17, 3.008820711566396e-17, 1.0, -5.0, -5.674412179135652e-25, 1.0, -0.455339808635815, -0.6224412177479274, 0.9430825239205232, -4.577805152218491, -0.2276699043179075, 0.6887793911260363, -0.05637913440424762, -0.4103453791940234, 0.8222001799610383, -4.284708629054727, -0.25585947152003136, 0.4836067015290246, 0.06972415859425729, -0.22693478030590614, 0.7029859640253048, -4.071272125828452, -0.2209973922229027, 0.37013931137607153, 5.409694502427772e-17, 5.409694502427772e-17]
s_ref=[1.0, 1.0, 1.0, 1.0, 1.0, 1.0, 1.0, 1.0, 1.0, 1.0, 1.0, 1.0, 1.0, 1.0, 1.0, 1.0, 1.0, 1.0, 1.0, 1.0, 1.0, 1.0, 1.0, 1.0, 1.0, 1.0, 1.0, 1.0, 1.0, 1.0, 1.0, 1.0]
outer=1, inner=3, total=3, ρx=0.01, ρs=0.0
x_ref=[-6.0, -1.0, 2.0, -5.9404002741134605e-25, 1.9709253526247046, 0.2290033307214779, -4.753634330921912, -0.9713745836598152, 2.9854626763123524, 0.11450166536073896, 1.9516823358638313, -0.07335337450323876, -3.0169427007827565, -0.9232929227923505, 3.9613038442442683, 0.07782497810911958, 1.858503296945997, -0.07327537949291538, -0.8039778665423727, -0.8935398561744051, 4.890555492717266, 0.04118728836266189, 3.008820711566396e-17, 3.008820711566396e-17, 1.0, -5.0, -5.674412179135652e-25, 1.0, -0.455339808635815, -0.6224412177479274, 0.9430825239205232, -4.577805152218491, -0.2276699043179075, 0.6887793911260363, -0.05637913440424762, -0.4103453791940234, 0.8222001799610383, -4.284708629054727, -0.25585947152003136, 0.4836067015290246, 0.06972415859425729, -0.22693478030590614, 0.7029859640253048, -4.071272125828452, -0.2209973922229027, 0.37013931137607153, 5.409694502427772e-17, 5.409694502427772e-17]
s_ref=[1.0, 1.0, 1.0, 1.0, 1.0, 1.0, 1.0, 1.0, 1.0, 1.0, 1.0, 1.0, 1.0, 1.0, 1.0, 1.0, 1.0, 1.0, 1.0, 1.0, 1.0, 1.0, 1.0, 1.0, 1.0, 1.0, 1.0, 1.0, 1.0, 1.0, 1.0, 1.0]
outer=1, inner=4, total=4, ρx=0.01, ρs=0.0
x_ref=[-6.0, -1.0, 2.0, -5.9404002741134605e-25, 1.9709253526247046, 0.2290033307214779, -4.753634330921912, -0.9713745836598152, 2.9854626763123524, 0.11450166536073896, 1.9516823358638313, -0.07335337450323876, -3.0169427007827565, -0.9232929227923505, 3.9613038442442683, 0.07782497810911958, 1.858503296945997, -0.07327537949291538, -0.8039778665423727, -0.8935398561744051, 4.890555492717266, 0.04118728836266189, 3.008820711566396e-17, 3.008820711566396e-17, 1.0, -5.0, -5.674412179135652e-25, 1.0, -0.455339808635815, -0.6224412177479274, 0.9430825239205232, -4.577805152218491, -0.2276699043179075, 0.6887793911260363, -0.05637913440424762, -0.4103453791940234, 0.8222001799610383, -4.284708629054727, -0.25585947152003136, 0.4836067015290246, 0.06972415859425729, -0.22693478030590614, 0.7029859640253048, -4.071272125828452, -0.2209973922229027, 0.37013931137607153, 5.409694502427772e-17, 5.409694502427772e-17]
s_ref=[1.0, 1.0, 1.0, 1.0, 1.0, 1.0, 1.0, 1.0, 1.0, 1.0, 1.0, 1.0, 1.0, 1.0, 1.0, 1.0, 1.0, 1.0, 1.0, 1.0, 1.0, 1.0, 1.0, 1.0, 1.0, 1.0, 1.0, 1.0, 1.0, 1.0, 1.0, 1.0]
outer=1, inner=5, total=5, ρx=0.01, ρs=0.0
x_ref=[-6.0, -1.0, 2.0, -5.9404002741134605e-25, 1.9709253526247046, 0.2290033307214779, -4.753634330921912, -0.9713745836598152, 2.9854626763123524, 0.11450166536073896, 1.9516823358638313, -0.07335337450323876, -3.0169427007827565, -0.9232929227923505, 3.9613038442442683, 0.07782497810911958, 1.858503296945997, -0.07327537949291538, -0.8039778665423727, -0.8935398561744051, 4.890555492717266, 0.04118728836266189, 3.008820711566396e-17, 3.008820711566396e-17, 1.0, -5.0, -5.674412179135652e-25, 1.0, -0.455339808635815, -0.6224412177479274, 0.9430825239205232, -4.577805152218491, -0.2276699043179075, 0.6887793911260363, -0.05637913440424762, -0.4103453791940234, 0.8222001799610383, -4.284708629054727, -0.25585947152003136, 0.4836067015290246, 0.06972415859425729, -0.22693478030590614, 0.7029859640253048, -4.071272125828452, -0.2209973922229027, 0.37013931137607153, 5.409694502427772e-17, 5.409694502427772e-17]
s_ref=[1.0, 1.0, 1.0, 1.0, 1.0, 1.0, 1.0, 1.0, 1.0, 1.0, 1.0, 1.0, 1.0, 1.0, 1.0, 1.0, 1.0, 1.0, 1.0, 1.0, 1.0, 1.0, 1.0, 1.0, 1.0, 1.0, 1.0, 1.0, 1.0, 1.0, 1.0, 1.0]
outer=1, inner=6, total=6, ρx=0.01, ρs=0.0
x_ref=[-6.0, -1.0, 2.0, -5.9404002741134605e-25, 1.9709253526247046, 0.2290033307214779, -4.753634330921912, -0.9713745836598152, 2.9854626763123524, 0.11450166536073896, 1.9516823358638313, -0.07335337450323876, -3.0169427007827565, -0.9232929227923505, 3.9613038442442683, 0.07782497810911958, 1.858503296945997, -0.07327537949291538, -0.8039778665423727, -0.8935398561744051, 4.890555492717266, 0.04118728836266189, 3.008820711566396e-17, 3.008820711566396e-17, 1.0, -5.0, -5.674412179135652e-25, 1.0, -0.455339808635815, -0.6224412177479274, 0.9430825239205232, -4.577805152218491, -0.2276699043179075, 0.6887793911260363, -0.05637913440424762, -0.4103453791940234, 0.8222001799610383, -4.284708629054727, -0.25585947152003136, 0.4836067015290246, 0.06972415859425729, -0.22693478030590614, 0.7029859640253048, -4.071272125828452, -0.2209973922229027, 0.37013931137607153, 5.409694502427772e-17, 5.409694502427772e-17]
s_ref=[1.0, 1.0, 1.0, 1.0, 1.0, 1.0, 1.0, 1.0, 1.0, 1.0, 1.0, 1.0, 1.0, 1.0, 1.0, 1.0, 1.0, 1.0, 1.0, 1.0, 1.0, 1.0, 1.0, 1.0, 1.0, 1.0, 1.0, 1.0, 1.0, 1.0, 1.0, 1.0]
outer=1, inner=7, total=7, ρx=0.01, ρs=0.0
x_ref=[-6.0, -1.0, 2.0, -5.9404002741134605e-25, 1.9709253526247046, 0.2290033307214779, -4.753634330921912, -0.9713745836598152, 2.9854626763123524, 0.11450166536073896, 1.9516823358638313, -0.07335337450323876, -3.0169427007827565, -0.9232929227923505, 3.9613038442442683, 0.07782497810911958, 1.858503296945997, -0.07327537949291538, -0.8039778665423727, -0.8935398561744051, 4.890555492717266, 0.04118728836266189, 3.008820711566396e-17, 3.008820711566396e-17, 1.0, -5.0, -5.674412179135652e-25, 1.0, -0.455339808635815, -0.6224412177479274, 0.9430825239205232, -4.577805152218491, -0.2276699043179075, 0.6887793911260363, -0.05637913440424762, -0.4103453791940234, 0.8222001799610383, -4.284708629054727, -0.25585947152003136, 0.4836067015290246, 0.06972415859425729, -0.22693478030590614, 0.7029859640253048, -4.071272125828452, -0.2209973922229027, 0.37013931137607153, 5.409694502427772e-17, 5.409694502427772e-17]
s_ref=[1.0, 1.0, 1.0, 1.0, 1.0, 1.0, 1.0, 1.0, 1.0, 1.0, 1.0, 1.0, 1.0, 1.0, 1.0, 1.0, 1.0, 1.0, 1.0, 1.0, 1.0, 1.0, 1.0, 1.0, 1.0, 1.0, 1.0, 1.0, 1.0, 1.0, 1.0, 1.0]
outer=1, inner=8, total=8, ρx=0.01, ρs=0.0
x_ref=[-6.0, -1.0, 2.0, -5.9404002741134605e-25, 1.9709253526247046, 0.2290033307214779, -4.753634330921912, -0.9713745836598152, 2.9854626763123524, 0.11450166536073896, 1.9516823358638313, -0.07335337450323876, -3.0169427007827565, -0.9232929227923505, 3.9613038442442683, 0.07782497810911958, 1.858503296945997, -0.07327537949291538, -0.8039778665423727, -0.8935398561744051, 4.890555492717266, 0.04118728836266189, 3.008820711566396e-17, 3.008820711566396e-17, 1.0, -5.0, -5.674412179135652e-25, 1.0, -0.455339808635815, -0.6224412177479274, 0.9430825239205232, -4.577805152218491, -0.2276699043179075, 0.6887793911260363, -0.05637913440424762, -0.4103453791940234, 0.8222001799610383, -4.284708629054727, -0.25585947152003136, 0.4836067015290246, 0.06972415859425729, -0.22693478030590614, 0.7029859640253048, -4.071272125828452, -0.2209973922229027, 0.37013931137607153, 5.409694502427772e-17, 5.409694502427772e-17]
s_ref=[1.0, 1.0, 1.0, 1.0, 1.0, 1.0, 1.0, 1.0, 1.0, 1.0, 1.0, 1.0, 1.0, 1.0, 1.0, 1.0, 1.0, 1.0, 1.0, 1.0, 1.0, 1.0, 1.0, 1.0, 1.0, 1.0, 1.0, 1.0, 1.0, 1.0, 1.0, 1.0]
outer=1, inner=9, total=9, ρx=0.01, ρs=0.0
x_ref=[-6.0, -1.0, 2.0, -5.9404002741134605e-25, 1.9709253526247046, 0.2290033307214779, -4.753634330921912, -0.9713745836598152, 2.9854626763123524, 0.11450166536073896, 1.9516823358638313, -0.07335337450323876, -3.0169427007827565, -0.9232929227923505, 3.9613038442442683, 0.07782497810911958, 1.858503296945997, -0.07327537949291538, -0.8039778665423727, -0.8935398561744051, 4.890555492717266, 0.04118728836266189, 3.008820711566396e-17, 3.008820711566396e-17, 1.0, -5.0, -5.674412179135652e-25, 1.0, -0.455339808635815, -0.6224412177479274, 0.9430825239205232, -4.577805152218491, -0.2276699043179075, 0.6887793911260363, -0.05637913440424762, -0.4103453791940234, 0.8222001799610383, -4.284708629054727, -0.25585947152003136, 0.4836067015290246, 0.06972415859425729, -0.22693478030590614, 0.7029859640253048, -4.071272125828452, -0.2209973922229027, 0.37013931137607153, 5.409694502427772e-17, 5.409694502427772e-17]
s_ref=[1.0, 1.0, 1.0, 1.0, 1.0, 1.0, 1.0, 1.0, 1.0, 1.0, 1.0, 1.0, 1.0, 1.0, 1.0, 1.0, 1.0, 1.0, 1.0, 1.0, 1.0, 1.0, 1.0, 1.0, 1.0, 1.0, 1.0, 1.0, 1.0, 1.0, 1.0, 1.0]

[rho updates]
outer=1, stability=neutral, ρx: 0.01 -> 0.01, ρs: 0.0 -> 0.0
residual: 69.30160257823229 -> 1.1614698264473896e-10, avg_step=0.5763888888888888, min_step=0.0625
