file = solution_dict_instance_1_eps0.001953125.jld2
outer trace entries = 1
inner trace entries = 12

[outer trace]
outer=1, ρx=0.01, ρs=0.0
x_ref=[-6.0, -1.0, 2.0, -5.940400262226862e-25, 1.99953717593451, 0.11690895088914129, -4.750057853008186, -0.9853863811388573, 2.999768587967255, 0.05845447544457064, 1.9992286611131624, -0.15427498931387015, -3.0002699763854133, -0.9754435170808058, 3.999382918523836, -0.018683019212364434, 1.9976868426832042, -0.10477346617897423, -0.7508676617880947, -0.9978817099593599, 4.998226339865438, -0.07106975230185156, 1.359884894088145e-17, 1.359884894088145e-17, 1.0, -5.0, 6.649703521163457e-27, 1.0, -0.43555729612884964, -0.6987853382984992, 0.9455553379838938, -4.587348167287312, -0.21777864806442482, 0.6506073308507504, -0.04192626668400312, -0.4285257219139682, 0.8314252306161811, -4.315610217101184, -0.2387417814064264, 0.4363444698937663, 0.0758622510116896, -0.22883992775652418, 0.7215371212894292, -4.126042973123866, -0.20081065590058159, 0.32192450601550426, -7.339847124587159e-18, -7.339847124587159e-18]
s_ref=[1.0, 1.0, 1.0, 1.0, 1.0, 1.0, 1.0, 1.0, 1.0, 1.0, 1.0, 1.0, 1.0, 1.0, 1.0, 1.0, 1.0, 1.0, 1.0, 1.0, 1.0, 1.0, 1.0, 1.0, 1.0, 1.0, 1.0, 1.0, 1.0, 1.0, 1.0, 1.0]

[inner trace]
outer=1, inner=1, total=1, ρx=0.01, ρs=0.0
x_ref=[-6.0, -1.0, 2.0, -5.940400262226862e-25, 1.99953717593451, 0.11690895088914129, -4.750057853008186, -0.9853863811388573, 2.999768587967255, 0.05845447544457064, 1.9992286611131624, -0.15427498931387015, -3.0002699763854133, -0.9754435170808058, 3.999382918523836, -0.018683019212364434, 1.9976868426832042, -0.10477346617897423, -0.7508676617880947, -0.9978817099593599, 4.998226339865438, -0.07106975230185156, 1.359884894088145e-17, 1.359884894088145e-17, 1.0, -5.0, 6.649703521163457e-27, 1.0, -0.43555729612884964, -0.6987853382984992, 0.9455553379838938, -4.587348167287312, -0.21777864806442482, 0.6506073308507504, -0.04192626668400312, -0.4285257219139682, 0.8314252306161811, -4.315610217101184, -0.2387417814064264, 0.4363444698937663, 0.0758622510116896, -0.22883992775652418, 0.7215371212894292, -4.126042973123866, -0.20081065590058159, 0.32192450601550426, -7.339847124587159e-18, -7.339847124587159e-18]
s_ref=[1.0, 1.0, 1.0, 1.0, 1.0, 1.0, 1.0, 1.0, 1.0, 1.0, 1.0, 1.0, 1.0, 1.0, 1.0, 1.0, 1.0, 1.0, 1.0, 1.0, 1.0, 1.0, 1.0, 1.0, 1.0, 1.0, 1.0, 1.0, 1.0, 1.0, 1.0, 1.0]
outer=1, inner=2, total=2, ρx=0.01, ρs=0.0
x_ref=[-6.0, -1.0, 2.0, -5.940400262226862e-25, 1.99953717593451, 0.11690895088914129, -4.750057853008186, -0.9853863811388573, 2.999768587967255, 0.05845447544457064, 1.9992286611131624, -0.15427498931387015, -3.0002699763854133, -0.9754435170808058, 3.999382918523836, -0.018683019212364434, 1.9976868426832042, -0.10477346617897423, -0.7508676617880947, -0.9978817099593599, 4.998226339865438, -0.07106975230185156, 1.359884894088145e-17, 1.359884894088145e-17, 1.0, -5.0, 6.649703521163457e-27, 1.0, -0.43555729612884964, -0.6987853382984992, 0.9455553379838938, -4.587348167287312, -0.21777864806442482, 0.6506073308507504, -0.04192626668400312, -0.4285257219139682, 0.8314252306161811, -4.315610217101184, -0.2387417814064264, 0.4363444698937663, 0.0758622510116896, -0.22883992775652418, 0.7215371212894292, -4.126042973123866, -0.20081065590058159, 0.32192450601550426, -7.339847124587159e-18, -7.339847124587159e-18]
s_ref=[1.0, 1.0, 1.0, 1.0, 1.0, 1.0, 1.0, 1.0, 1.0, 1.0, 1.0, 1.0, 1.0, 1.0, 1.0, 1.0, 1.0, 1.0, 1.0, 1.0, 1.0, 1.0, 1.0, 1.0, 1.0, 1.0, 1.0, 1.0, 1.0, 1.0, 1.0, 1.0]
outer=1, inner=3, total=3, ρx=0.01, ρs=0.0
x_ref=[-6.0, -1.0, 2.0, -5.940400262226862e-25, 1.99953717593451, 0.11690895088914129, -4.750057853008186, -0.9853863811388573, 2.999768587967255, 0.05845447544457064, 1.9992286611131624, -0.15427498931387015, -3.0002699763854133, -0.9754435170808058, 3.999382918523836, -0.018683019212364434, 1.9976868426832042, -0.10477346617897423, -0.7508676617880947, -0.9978817099593599, 4.998226339865438, -0.07106975230185156, 1.359884894088145e-17, 1.359884894088145e-17, 1.0, -5.0, 6.649703521163457e-27, 1.0, -0.43555729612884964, -0.6987853382984992, 0.9455553379838938, -4.587348167287312, -0.21777864806442482, 0.6506073308507504, -0.04192626668400312, -0.4285257219139682, 0.8314252306161811, -4.315610217101184, -0.2387417814064264, 0.4363444698937663, 0.0758622510116896, -0.22883992775652418, 0.7215371212894292, -4.126042973123866, -0.20081065590058159, 0.32192450601550426, -7.339847124587159e-18, -7.339847124587159e-18]
s_ref=[1.0, 1.0, 1.0, 1.0, 1.0, 1.0, 1.0, 1.0, 1.0, 1.0, 1.0, 1.0, 1.0, 1.0, 1.0, 1.0, 1.0, 1.0, 1.0, 1.0, 1.0, 1.0, 1.0, 1.0, 1.0, 1.0, 1.0, 1.0, 1.0, 1.0, 1.0, 1.0]
outer=1, inner=4, total=4, ρx=0.01, ρs=0.0
x_ref=[-6.0, -1.0, 2.0, -5.940400262226862e-25, 1.99953717593451, 0.11690895088914129, -4.750057853008186, -0.9853863811388573, 2.999768587967255, 0.05845447544457064, 1.9992286611131624, -0.15427498931387015, -3.0002699763854133, -0.9754435170808058, 3.999382918523836, -0.018683019212364434, 1.9976868426832042, -0.10477346617897423, -0.7508676617880947, -0.9978817099593599, 4.998226339865438, -0.07106975230185156, 1.359884894088145e-17, 1.359884894088145e-17, 1.0, -5.0, 6.649703521163457e-27, 1.0, -0.43555729612884964, -0.6987853382984992, 0.9455553379838938, -4.587348167287312, -0.21777864806442482, 0.6506073308507504, -0.04192626668400312, -0.4285257219139682, 0.8314252306161811, -4.315610217101184, -0.2387417814064264, 0.4363444698937663, 0.0758622510116896, -0.22883992775652418, 0.7215371212894292, -4.126042973123866, -0.20081065590058159, 0.32192450601550426, -7.339847124587159e-18, -7.339847124587159e-18]
s_ref=[1.0, 1.0, 1.0, 1.0, 1.0, 1.0, 1.0, 1.0, 1.0, 1.0, 1.0, 1.0, 1.0, 1.0, 1.0, 1.0, 1.0, 1.0, 1.0, 1.0, 1.0, 1.0, 1.0, 1.0, 1.0, 1.0, 1.0, 1.0, 1.0, 1.0, 1.0, 1.0]
outer=1, inner=5, total=5, ρx=0.01, ρs=0.0
x_ref=[-6.0, -1.0, 2.0, -5.940400262226862e-25, 1.99953717593451, 0.11690895088914129, -4.750057853008186, -0.9853863811388573, 2.999768587967255, 0.05845447544457064, 1.9992286611131624, -0.15427498931387015, -3.0002699763854133, -0.9754435170808058, 3.999382918523836, -0.018683019212364434, 1.9976868426832042, -0.10477346617897423, -0.7508676617880947, -0.9978817099593599, 4.998226339865438, -0.07106975230185156, 1.359884894088145e-17, 1.359884894088145e-17, 1.0, -5.0, 6.649703521163457e-27, 1.0, -0.43555729612884964, -0.6987853382984992, 0.9455553379838938, -4.587348167287312, -0.21777864806442482, 0.6506073308507504, -0.04192626668400312, -0.4285257219139682, 0.8314252306161811, -4.315610217101184, -0.2387417814064264, 0.4363444698937663, 0.0758622510116896, -0.22883992775652418, 0.7215371212894292, -4.126042973123866, -0.20081065590058159, 0.32192450601550426, -7.339847124587159e-18, -7.339847124587159e-18]
s_ref=[1.0, 1.0, 1.0, 1.0, 1.0, 1.0, 1.0, 1.0, 1.0, 1.0, 1.0, 1.0, 1.0, 1.0, 1.0, 1.0, 1.0, 1.0, 1.0, 1.0, 1.0, 1.0, 1.0, 1.0, 1.0, 1.0, 1.0, 1.0, 1.0, 1.0, 1.0, 1.0]
outer=1, inner=6, total=6, ρx=0.01, ρs=0.0
x_ref=[-6.0, -1.0, 2.0, -5.940400262226862e-25, 1.99953717593451, 0.11690895088914129, -4.750057853008186, -0.9853863811388573, 2.999768587967255, 0.05845447544457064, 1.9992286611131624, -0.15427498931387015, -3.0002699763854133, -0.9754435170808058, 3.999382918523836, -0.018683019212364434, 1.9976868426832042, -0.10477346617897423, -0.7508676617880947, -0.9978817099593599, 4.998226339865438, -0.07106975230185156, 1.359884894088145e-17, 1.359884894088145e-17, 1.0, -5.0, 6.649703521163457e-27, 1.0, -0.43555729612884964, -0.6987853382984992, 0.9455553379838938, -4.587348167287312, -0.21777864806442482, 0.6506073308507504, -0.04192626668400312, -0.4285257219139682, 0.8314252306161811, -4.315610217101184, -0.2387417814064264, 0.4363444698937663, 0.0758622510116896, -0.22883992775652418, 0.7215371212894292, -4.126042973123866, -0.20081065590058159, 0.32192450601550426, -7.339847124587159e-18, -7.339847124587159e-18]
s_ref=[1.0, 1.0, 1.0, 1.0, 1.0, 1.0, 1.0, 1.0, 1.0, 1.0, 1.0, 1.0, 1.0, 1.0, 1.0, 1.0, 1.0, 1.0, 1.0, 1.0, 1.0, 1.0, 1.0, 1.0, 1.0, 1.0, 1.0, 1.0, 1.0, 1.0, 1.0, 1.0]
outer=1, inner=7, total=7, ρx=0.01, ρs=0.0
x_ref=[-6.0, -1.0, 2.0, -5.940400262226862e-25, 1.99953717593451, 0.11690895088914129, -4.750057853008186, -0.9853863811388573, 2.999768587967255, 0.05845447544457064, 1.9992286611131624, -0.15427498931387015, -3.0002699763854133, -0.9754435170808058, 3.999382918523836, -0.018683019212364434, 1.9976868426832042, -0.10477346617897423, -0.7508676617880947, -0.9978817099593599, 4.998226339865438, -0.07106975230185156, 1.359884894088145e-17, 1.359884894088145e-17, 1.0, -5.0, 6.649703521163457e-27, 1.0, -0.43555729612884964, -0.6987853382984992, 0.9455553379838938, -4.587348167287312, -0.21777864806442482, 0.6506073308507504, -0.04192626668400312, -0.4285257219139682, 0.8314252306161811, -4.315610217101184, -0.2387417814064264, 0.4363444698937663, 0.0758622510116896, -0.22883992775652418, 0.7215371212894292, -4.126042973123866, -0.20081065590058159, 0.32192450601550426, -7.339847124587159e-18, -7.339847124587159e-18]
s_ref=[1.0, 1.0, 1.0, 1.0, 1.0, 1.0, 1.0, 1.0, 1.0, 1.0, 1.0, 1.0, 1.0, 1.0, 1.0, 1.0, 1.0, 1.0, 1.0, 1.0, 1.0, 1.0, 1.0, 1.0, 1.0, 1.0, 1.0, 1.0, 1.0, 1.0, 1.0, 1.0]
outer=1, inner=8, total=8, ρx=0.01, ρs=0.0
x_ref=[-6.0, -1.0, 2.0, -5.940400262226862e-25, 1.99953717593451, 0.11690895088914129, -4.750057853008186, -0.9853863811388573, 2.999768587967255, 0.05845447544457064, 1.9992286611131624, -0.15427498931387015, -3.0002699763854133, -0.9754435170808058, 3.999382918523836, -0.018683019212364434, 1.9976868426832042, -0.10477346617897423, -0.7508676617880947, -0.9978817099593599, 4.998226339865438, -0.07106975230185156, 1.359884894088145e-17, 1.359884894088145e-17, 1.0, -5.0, 6.649703521163457e-27, 1.0, -0.43555729612884964, -0.6987853382984992, 0.9455553379838938, -4.587348167287312, -0.21777864806442482, 0.6506073308507504, -0.04192626668400312, -0.4285257219139682, 0.8314252306161811, -4.315610217101184, -0.2387417814064264, 0.4363444698937663, 0.0758622510116896, -0.22883992775652418, 0.7215371212894292, -4.126042973123866, -0.20081065590058159, 0.32192450601550426, -7.339847124587159e-18, -7.339847124587159e-18]
s_ref=[1.0, 1.0, 1.0, 1.0, 1.0, 1.0, 1.0, 1.0, 1.0, 1.0, 1.0, 1.0, 1.0, 1.0, 1.0, 1.0, 1.0, 1.0, 1.0, 1.0, 1.0, 1.0, 1.0, 1.0, 1.0, 1.0, 1.0, 1.0, 1.0, 1.0, 1.0, 1.0]
outer=1, inner=9, total=9, ρx=0.01, ρs=0.0
x_ref=[-6.0, -1.0, 2.0, -5.940400262226862e-25, 1.99953717593451, 0.11690895088914129, -4.750057853008186, -0.9853863811388573, 2.999768587967255, 0.05845447544457064, 1.9992286611131624, -0.15427498931387015, -3.0002699763854133, -0.9754435170808058, 3.999382918523836, -0.018683019212364434, 1.9976868426832042, -0.10477346617897423, -0.7508676617880947, -0.9978817099593599, 4.998226339865438, -0.07106975230185156, 1.359884894088145e-17, 1.359884894088145e-17, 1.0, -5.0, 6.649703521163457e-27, 1.0, -0.43555729612884964, -0.6987853382984992, 0.9455553379838938, -4.587348167287312, -0.21777864806442482, 0.6506073308507504, -0.04192626668400312, -0.4285257219139682, 0.8314252306161811, -4.315610217101184, -0.2387417814064264, 0.4363444698937663, 0.0758622510116896, -0.22883992775652418, 0.7215371212894292, -4.126042973123866, -0.20081065590058159, 0.32192450601550426, -7.339847124587159e-18, -7.339847124587159e-18]
s_ref=[1.0, 1.0, 1.0, 1.0, 1.0, 1.0, 1.0, 1.0, 1.0, 1.0, 1.0, 1.0, 1.0, 1.0, 1.0, 1.0, 1.0, 1.0, 1.0, 1.0, 1.0, 1.0, 1.0, 1.0, 1.0, 1.0, 1.0, 1.0, 1.0, 1.0, 1.0, 1.0]
outer=1, inner=10, total=10, ρx=0.01, ρs=0.0
x_ref=[-6.0, -1.0, 2.0, -5.940400262226862e-25, 1.99953717593451, 0.11690895088914129, -4.750057853008186, -0.9853863811388573, 2.999768587967255, 0.05845447544457064, 1.9992286611131624, -0.15427498931387015, -3.0002699763854133, -0.9754435170808058, 3.999382918523836, -0.018683019212364434, 1.9976868426832042, -0.10477346617897423, -0.7508676617880947, -0.9978817099593599, 4.998226339865438, -0.07106975230185156, 1.359884894088145e-17, 1.359884894088145e-17, 1.0, -5.0, 6.649703521163457e-27, 1.0, -0.43555729612884964, -0.6987853382984992, 0.9455553379838938, -4.587348167287312, -0.21777864806442482, 0.6506073308507504, -0.04192626668400312, -0.4285257219139682, 0.8314252306161811, -4.315610217101184, -0.2387417814064264, 0.4363444698937663, 0.0758622510116896, -0.22883992775652418, 0.7215371212894292, -4.126042973123866, -0.20081065590058159, 0.32192450601550426, -7.339847124587159e-18, -7.339847124587159e-18]
s_ref=[1.0, 1.0, 1.0, 1.0, 1.0, 1.0, 1.0, 1.0, 1.0, 1.0, 1.0, 1.0, 1.0, 1.0, 1.0, 1.0, 1.0, 1.0, 1.0, 1.0, 1.0, 1.0, 1.0, 1.0, 1.0, 1.0, 1.0, 1.0, 1.0, 1.0, 1.0, 1.0]
outer=1, inner=11, total=11, ρx=0.01, ρs=0.0
x_ref=[-6.0, -1.0, 2.0, -5.940400262226862e-25, 1.99953717593451, 0.11690895088914129, -4.750057853008186, -0.9853863811388573, 2.999768587967255, 0.05845447544457064, 1.9992286611131624, -0.15427498931387015, -3.0002699763854133, -0.9754435170808058, 3.999382918523836, -0.018683019212364434, 1.9976868426832042, -0.10477346617897423, -0.7508676617880947, -0.9978817099593599, 4.998226339865438, -0.07106975230185156, 1.359884894088145e-17, 1.359884894088145e-17, 1.0, -5.0, 6.649703521163457e-27, 1.0, -0.43555729612884964, -0.6987853382984992, 0.9455553379838938, -4.587348167287312, -0.21777864806442482, 0.6506073308507504, -0.04192626668400312, -0.4285257219139682, 0.8314252306161811, -4.315610217101184, -0.2387417814064264, 0.4363444698937663, 0.0758622510116896, -0.22883992775652418, 0.7215371212894292, -4.126042973123866, -0.20081065590058159, 0.32192450601550426, -7.339847124587159e-18, -7.339847124587159e-18]
s_ref=[1.0, 1.0, 1.0, 1.0, 1.0, 1.0, 1.0, 1.0, 1.0, 1.0, 1.0, 1.0, 1.0, 1.0, 1.0, 1.0, 1.0, 1.0, 1.0, 1.0, 1.0, 1.0, 1.0, 1.0, 1.0, 1.0, 1.0, 1.0, 1.0, 1.0, 1.0, 1.0]
outer=1, inner=12, total=12, ρx=0.01, ρs=0.0
x_ref=[-6.0, -1.0, 2.0, -5.940400262226862e-25, 1.99953717593451, 0.11690895088914129, -4.750057853008186, -0.9853863811388573, 2.999768587967255, 0.05845447544457064, 1.9992286611131624, -0.15427498931387015, -3.0002699763854133, -0.9754435170808058, 3.999382918523836, -0.018683019212364434, 1.9976868426832042, -0.10477346617897423, -0.7508676617880947, -0.9978817099593599, 4.998226339865438, -0.07106975230185156, 1.359884894088145e-17, 1.359884894088145e-17, 1.0, -5.0, 6.649703521163457e-27, 1.0, -0.43555729612884964, -0.6987853382984992, 0.9455553379838938, -4.587348167287312, -0.21777864806442482, 0.6506073308507504, -0.04192626668400312, -0.4285257219139682, 0.8314252306161811, -4.315610217101184, -0.2387417814064264, 0.4363444698937663, 0.0758622510116896, -0.22883992775652418, 0.7215371212894292, -4.126042973123866, -0.20081065590058159, 0.32192450601550426, -7.339847124587159e-18, -7.339847124587159e-18]
s_ref=[1.0, 1.0, 1.0, 1.0, 1.0, 1.0, 1.0, 1.0, 1.0, 1.0, 1.0, 1.0, 1.0, 1.0, 1.0, 1.0, 1.0, 1.0, 1.0, 1.0, 1.0, 1.0, 1.0, 1.0, 1.0, 1.0, 1.0, 1.0, 1.0, 1.0, 1.0, 1.0]

[rho updates]
outer=1, stability=neutral, ρx: 0.01 -> 0.01, ρs: 0.0 -> 0.0
residual: 70.45652319379684 -> 3.126897507088386e-6, avg_step=0.484375, min_step=0.0625
